-489.8347
-361.5636
-254.1053
-178.8006
-125.8253
-96.9753
-69.2391
-41.1868
-21.6066
-14.0091
-6.5960
-1.6709
-2.1797
-0.9175
0.2515
2.6903
-1.1232
-2.9578
0.8167
4.3734
6.7954
5.4364
1.2945
-2.1901
2.9385
4.8094
5.6978
6.0994
1.3029
5.2417
4.6264
4.9817
5.6493
4.7543
7.0360
10.6673
3.9229
5.6898
10.7328
5.2766
5.7151
8.2748
6.0756
8.0084
11.0978
9.5098
10.0096
0.7116
7.1517
10.2529
7.8711
9.5360
10.6874
12.6033
11.9968
14.4352
10.7017
10.9229
7.3424
8.1974
8.4748
14.5661
13.8097
9.1319
10.6526
8.9397
14.4814
13.7914
7.8231
15.9424
9.6470
8.5910
8.5329
10.7893
15.4493
10.9048
14.6206
9.9604
16.2668
21.3209
15.8118
23.2812
18.9699
22.7467
24.1467
15.7734
21.6310
27.9968
27.0692
23.1615
26.4972
21.6913
25.4418
19.4484
21.9230
27.1174
28.5484
33.0561
31.7584
24.8406
26.1495
29.4996
31.2618
28.4492
32.4072
38.8762
35.9742
32.1786
31.1766
34.7246
38.4594
33.5081
40.5172
45.8871
41.4802
38.8152
41.8921
48.4086
56.7687
53.9215
61.8159
59.4520
63.0404
69.2522
63.2804
60.7549
61.7871
70.8759
75.1446
76.6695
73.9023
79.9124
80.0203
80.5717
84.1363
79.0817
86.3025
73.9721
88.9760
96.0978
99.7820
86.7836
89.6908
97.6001
89.4696
90.3528
99.5397
95.6935
108.1813
100.3834
107.5716
106.0035
110.0830
114.6460
110.8404
107.2218
115.0620
113.6903
119.7301
115.0693
119.1456
111.1819
124.5689
119.2568
107.5533
128.9409
116.6556
117.7432
119.7207
126.9175
136.0205
134.5612
128.1470
141.1466
126.7765
116.5429
133.2554
144.4995
141.1556
143.1032
140.1283
132.9336
138.9757
136.5470
151.3553
143.4501
149.9804
148.4106
154.7504
145.9687
153.9457
153.6738
146.3662
157.0946
152.3931
157.8646
157.4844
158.5331
150.6829
159.4989
154.2967
150.5684
154.2761
158.6385
150.0467
165.7852
145.0148
160.3054
159.3327
157.2751
152.1861
164.2720
162.1245
175.7486
161.0195
156.6988
155.8126
160.4721
163.6608
165.8452
176.1675
172.0823
151.9883
168.2414
162.7598
165.9188
176.2593
162.3663
171.1996
169.7066
178.2959
164.8686
167.1360
168.5301
171.7105
156.1255
172.8279
167.4936
177.6447
182.5149
172.3520
169.9528
181.8536
168.9743
174.6403
186.6078
173.0255
180.8525
174.0485
181.7530
181.2897
171.1096
170.9239
183.2435
171.7021
178.2455
176.2868
185.6301
176.5884
183.4919
185.3320
186.3093
191.3746
183.9252
183.6063
183.2239
193.4227
175.4070
184.7017
176.4368
189.1653
186.0236
187.7052
195.8062
196.4328
203.6406
199.9674
196.9061
177.0473
181.4887
200.1762
195.7706
198.7706
193.9429
199.8352
183.0153
190.9729
198.0038
188.0691
201.0235
200.4554
193.5045
184.5427
197.2674
189.2558
190.0420
190.3207
205.5505
206.5730
209.6049
205.7886
187.4110
201.5667
210.4783
201.1110
210.9293
206.8826
211.9782
197.1120
202.7995
207.2567
206.3891
201.3946
198.6349
205.3526
210.3072
205.4021
200.6594
194.6458
196.7696
204.7105
204.0545
196.2711
196.1423
202.4190
194.7795
209.1739
208.8620
215.0074
199.1644
211.1736
214.3292
200.3724
207.7235
204.0507
195.5402
205.9450
211.6037
210.1541
212.7517
211.4751
205.0420
222.1207
194.2535
199.4162
202.3669
200.4787
199.0571
210.4999
221.6794
215.4280
201.8267
201.6006
211.4119
210.0363
208.0326
222.9516
217.8076
224.2595
206.0821
222.6157
201.4717
220.4342
218.9455
217.2623
219.5716
214.4580
224.8400
214.5654
212.1556
222.9004
217.4280
215.0774
228.0617
216.4160
217.3611
223.5388
231.8337
223.9165
231.2674
211.5602
219.6674
222.2665
214.7831
226.7139
222.9201
228.6091
225.0300
222.4583
231.4402
248.2975
228.1929
226.5870
247.2086
250.0791
237.9397
230.7856
238.4757
228.9500
241.3196
241.2696
245.5267
216.5433
256.4582
243.2266
251.7511
252.7293
249.2605
251.7375
248.2387
256.3887
259.2777
250.3711
248.7894
261.5496
266.3730
256.1751
261.1786
258.4055
274.3263
281.0115
268.9052
279.1165
291.3413
267.8857
290.5438
286.5963
288.0102
289.3687
283.8526
273.6309
280.5550
288.5381
293.9573
292.8168
296.1694
288.9408
291.0568
274.6612
288.7727
297.9509
289.3885
294.8499
305.2414
301.5091
291.4954
290.5143
303.3426
295.6245
284.2668
291.5747
287.4955
293.7139
294.9578
306.6489
312.4570
303.1840
298.5289
284.5635
311.3482
298.2138
306.2892
307.7716
321.2309
322.5071
324.1232
312.9388
294.5992
303.8426
306.2219
309.3694
315.0670
314.3537
308.4838
324.0001
326.2001
322.4312
325.3850
320.6351
322.8729
325.7148
318.9382
320.9988
312.0234
324.9962
313.8105
343.0428
333.4303
321.8981
322.9073
328.7236
315.1486
326.3067
326.3991
325.8113
330.8049
321.7014
326.3192
317.6458
327.1449
335.0434
327.6008
339.3174
327.1416
337.7015
343.9563
327.6968
326.0351
328.2632
332.4814
325.1570
329.6108
321.2954
340.2782
335.9026
335.9202
352.7095
339.4751
325.9830
329.1079
323.8787
341.7341
337.1029
337.7645
347.8175
348.1344
348.7303
348.7837
352.5434
357.4208
351.7034
346.9693
341.5311
357.1209
350.8272
353.1594
365.3285
369.9167
350.7406
355.2554
352.1721
384.5846
377.5680
344.1281
377.1788
383.0476
382.0189
368.7886
381.3908
359.9462
383.1190
400.6106
405.9053
376.8545
379.0054
382.7840
388.7264
390.5914
382.0486
374.1060
374.4876
380.8943
382.9437
391.3599
380.8411
388.6126
373.3408
373.2832
382.1491
386.7976
398.9033
386.1649
400.1431
391.5409
396.1974
377.6365
393.0264
390.3236
377.9253
383.5814
406.1430
402.0556
392.0919
389.5878
402.8493
405.5169
405.0257
408.1526
387.4849
399.1034
402.9253
400.3387
399.1416
386.2292
399.8959
385.3405
408.1351
415.9555
395.1527
390.3195
411.5276
391.8360
384.4175
386.1202
377.6163
401.3741
410.8450
407.7099
393.2869
408.9696
389.7508
401.8209
390.5378
397.4664
427.3110
401.0816
408.0140
410.5779
406.2261
391.3588
385.9865
396.5370
409.8698
417.6888
392.8957
391.6435
404.3567
392.4722
402.9184
403.8044
403.8908
414.0975
407.9571
387.9244
402.2032
421.7508
409.9032
396.6191
412.9223
412.2315
401.9129
409.9176
391.1580
411.7063
405.8335
420.7679
391.3249
399.4709
400.7383
422.4049
407.2652
416.0872
399.2904
361.3776
413.1824
394.5014
376.8340
389.1653
415.0663
396.2696
400.9083
408.5091
416.7172
413.0807
411.7086
392.2070
401.0539
410.2078
405.8196
405.6027
400.4118
412.1697
409.3871
412.3164
403.3784
405.0770
411.3473
406.3077
383.4067
412.0046
410.7884
393.8627
428.4160
415.0053
395.0214
409.1306
386.7530
401.3973
402.2326
405.2964
400.0389
402.8276
393.0888
429.8663
418.5756
407.6314
407.3979
399.3468
396.1494
396.1392
407.4249
416.5526
408.2345
387.1863
394.1303
405.1451
390.1248
401.1830
422.3279
401.9506
391.6732
424.6744
415.0435
419.9636
396.8970
386.8718
412.8755
418.5185
408.1982
401.1152
376.5883
399.4794
415.3737
405.8551
387.8479
414.0818
427.5736
411.9481
415.7685
399.0612
399.5057
408.6112
402.0786
408.2596
405.9213
392.6093
392.8920
404.1500
391.5374
423.4411
410.2123
409.8234
406.3165
411.1319
400.0629
402.8699
422.0956
401.2794
384.0049
412.5712
392.1233
413.1445
424.9693
419.4540
409.1098
423.2721
407.9339
396.1150
405.6772
391.5217
393.2362
415.0127
413.8842
416.5788
413.0639
422.4018
421.5436
405.0328
410.4873
415.5391
399.5484
392.6780
393.8157
424.3559
395.9151
366.2147
418.3490
401.0199
417.6680
410.7960
416.7198
419.2425
382.9491
403.9007
407.4050
423.5019
407.3105
396.7701
407.1425
402.7820
425.2496
412.5582
403.7012
412.2483
434.7612
395.2780
397.5381
395.7341
412.1548
408.6938
415.4122
403.3878
396.6593
405.7727
395.3632
414.1849
404.4194
399.0782
415.5182
414.1750
385.9030
390.0790
403.4022
393.2236
407.0808
421.8547
435.5026
409.6325
420.1146
421.6621
414.4393
411.9714
404.0564
398.4119
401.8802
416.5412
413.5013
402.7602
421.8944
398.0426
414.5732
434.3218
413.6391
407.9179
419.4939
418.7972
419.3520
428.8940
392.1790
405.8935
429.4345
385.2047
400.7976
416.3051
398.9729
402.9927
401.9027
426.3573
424.9989
423.4382
412.7541
423.0163
417.7730
424.4269
434.1927
431.6934
426.9091
407.9906
419.6951
413.6497
406.3910
380.7529
402.5790
406.6829
428.8755
427.2237
411.4146
425.6451
403.0881
402.6813
417.3366
410.2269
402.2594
400.4684
429.8462
423.7407
418.8422
405.9121
420.0305
397.6321
413.4349
416.1513
412.3606
414.8580
407.6691
405.9260
399.4689
411.9537
407.3331
421.2055
419.1183
419.5582
414.9045
422.7241
419.7528
424.0918
423.0424
408.1371
414.0788
410.2836
420.9311
392.0316
404.7415
403.8014
406.2388
397.0608
400.5084
405.1892
407.2153
407.8863
421.0500
417.2923
413.2580
423.3941
413.5795
418.3617
419.2086
410.2636
411.0596
421.2057
411.8795
406.1474
419.7829
395.3246
405.3817
419.0344
423.4889
400.4849
413.3428
423.4909
410.4394
417.3725
432.1187
419.3776
414.0468
442.9554
423.0260
396.2496
398.1802
408.5781
406.6693
402.4643
420.7695
407.4788
399.9168
405.8459
422.7611
398.3139
420.8141
421.1329
415.6049
417.6175
410.7423
433.6841
391.3808
423.2279
427.5429
423.7740
416.4633
393.0547
417.9835
409.4839
418.1586
427.8158
409.2838
410.9107
419.7014
406.7146
389.7955
424.6504
405.8946
413.2096
412.4154
419.1243
422.6135
402.5831
430.5176
427.1543
423.5161
441.2494
427.1059
411.5691
418.9442
420.1094
424.0995
429.2072
410.2956
413.8739
413.0062
423.9644
396.2274
414.7694
412.0670
401.3152
416.6476
416.9904
404.9452
417.6951
429.2682
415.6015
