-449.9611
-300.2998
-189.2138
-110.9103
-51.6227
-23.1746
-14.4262
-4.7098
-5.6186
1.4432
1.3762
2.3330
2.1648
0.6571
2.3515
2.4973
2.7996
2.8852
1.5210
2.7049
4.0750
1.8176
1.4797
4.1811
4.1965
3.7301
4.2320
3.6652
4.2620
4.2084
2.3469
3.7265
4.3125
3.8090
4.6040
5.6699
5.0229
7.3593
5.5959
7.0396
6.2885
7.3125
7.3235
5.4313
5.7887
5.5276
7.5255
6.8520
7.4775
7.3842
6.2885
7.3676
7.2413
7.5739
7.2995
7.8592
8.0017
6.1769
7.3073
10.3536
12.0218
12.9022
9.8225
13.3870
13.5872
12.2650
13.5213
13.0897
13.3148
12.3417
13.3430
12.0897
13.3105
10.8443
11.6022
10.7050
13.1510
11.3002
12.8674
9.1550
13.1126
12.5200
13.2392
11.3447
12.8123
11.4592
11.7552
11.3286
13.2377
12.9157
12.7426
11.7072
13.2038
11.4665
12.6936
12.6571
13.2697
12.9533
9.5337
10.4017
10.6447
11.5450
12.9663
11.6642
11.2227
11.0562
13.2997
12.5759
12.8245
10.6432
9.2852
13.0045
13.0455
13.2490
8.7195
13.4120
11.2510
13.0271
12.4796
13.2293
12.7671
13.3065
13.4505
12.9979
13.2103
13.1850
13.6307
13.2547
10.8521
13.5630
13.2605
12.8085
13.3901
12.4948
12.2032
11.4183
13.0117
13.5605
10.7072
13.4400
13.0515
13.6634
13.6845
13.7919
12.6092
12.5048
11.0912
13.9823
14.2440
13.3442
12.1835
14.5163
14.2337
11.7399
13.9519
12.3753
12.7080
14.6193
12.2831
12.8920
13.5154
14.7756
16.2351
18.5206
20.1508
21.3815
18.5155
21.5585
22.3589
20.0562
17.8629
22.8594
21.7782
21.4106
22.2877
22.6799
22.7246
17.8861
20.3070
18.3132
20.8193
21.2980
22.2928
22.6517
22.6130
22.9142
22.7424
22.8936
21.1484
22.6391
22.7092
19.9744
23.0051
24.5880
24.6047
31.9141
40.1665
43.7016
42.5559
42.3777
42.0436
39.8085
41.6829
44.3823
41.0698
42.6876
41.4714
44.7359
39.1470
45.0563
43.7921
43.8861
44.8172
42.6963
44.9281
44.9526
42.5197
44.6965
32.9496
43.9764
44.3967
43.9673
40.7153
40.9587
41.2694
45.1581
44.2459
43.9815
42.6537
44.3074
44.7106
42.9134
45.3678
45.4683
42.8931
45.1457
44.8609
46.1894
43.3801
45.2638
45.8344
42.9886
41.1835
43.7803
45.7977
46.1120
42.0951
45.2123
39.3924
45.2579
43.8869
45.9783
41.5334
46.5311
46.0901
41.9926
45.4891
41.7512
46.3991
47.1009
46.9877
46.9059
45.7942
43.1210
47.0655
44.5696
46.8972
47.2089
45.6608
39.7348
41.4197
43.8865
43.7716
47.2156
43.2532
44.8370
44.5374
46.2449
47.4254
41.3180
41.1971
44.9706
46.8366
45.5217
41.2064
44.1276
46.1041
46.6892
44.4596
44.7565
45.3835
46.0590
46.3388
43.9318
38.6295
47.0112
43.7856
45.4995
46.4822
47.9236
45.9710
45.1371
48.0387
39.6786
47.7569
45.5715
42.3539
46.1849
46.7128
45.9287
43.3496
47.9772
47.8148
41.2358
44.7880
47.3477
47.3189
48.2205
45.7854
48.8293
48.8226
48.9196
47.0351
48.6507
48.1974
47.4049
48.7564
47.7799
48.7885
48.7161
45.3797
41.9777
48.8656
48.4582
40.1222
49.3653
47.8164
48.8720
48.7904
46.3907
49.4120
48.3755
49.1631
47.1703
47.1610
47.6615
48.9964
44.8501
48.1764
49.4066
47.9692
44.5793
46.6973
50.1635
49.0887
49.1783
49.7762
45.7112
46.3542
50.0787
50.0373
44.5766
50.0848
51.0561
51.1784
47.8418
40.5347
51.4147
41.7022
51.4686
50.8701
44.2708
46.3498
50.4998
51.3690
51.3858
51.0687
47.7751
48.5780
51.5954
50.5115
48.5324
50.3721
47.7741
49.1935
48.5123
51.4509
52.2974
51.9171
49.6123
45.1891
51.2552
45.2132
51.6083
50.8874
51.5235
48.7592
47.3486
49.0202
47.5211
51.1191
47.6757
48.3158
49.8637
53.6238
53.7944
53.1414
55.1776
49.4259
54.9215
54.4121
57.0170
56.7679
57.1567
55.6153
54.6647
57.5819
53.3186
58.0132
57.4165
54.2133
55.1430
58.1070
51.8678
57.3271
56.2624
58.3302
57.1563
56.7241
52.6149
54.9006
55.5260
57.8030
58.3851
58.9217
58.7196
57.9934
57.3931
54.0538
55.5778
54.0255
58.6873
58.3283
57.9728
59.4752
59.3410
54.7016
59.7889
56.3665
59.3285
60.0143
59.8014
59.3486
56.4281
59.2755
59.3798
57.2843
58.7811
60.3376
59.7715
52.2718
61.4348
61.4476
60.5872
62.6829
64.6042
62.8861
64.8346
63.1328
63.3980
65.4777
65.5189
68.8088
69.0522
71.5581
70.7726
73.9190
75.6851
79.1672
75.4916
80.3100
79.8307
81.9649
80.2078
84.5834
91.2892
92.0598
90.4050
88.3009
91.1038
88.4729
91.0481
91.6623
91.8682
88.5119
85.5118
89.0373
91.1232
90.1334
90.7228
90.4035
90.6947
92.7950
93.2802
93.1634
92.1470
92.9725
85.3976
86.7594
93.6879
90.5246
95.1174
95.6424
94.4530
95.1992
96.5040
98.1251
91.3870
101.6028
99.7618
99.9816
103.4391
97.8381
92.7357
101.7242
100.5387
99.2093
105.0732
104.9511
106.5412
106.9086
108.5582
103.0827
103.7281
105.7232
108.9331
109.4044
105.0482
108.0232
106.6440
105.1784
103.4910
109.3084
105.7660
103.5324
107.1377
107.3215
108.5240
108.0555
110.0104
107.6147
103.8585
108.6542
108.9900
111.0832
112.4407
104.0082
111.8249
112.2558
113.3292
113.2074
113.5472
108.3838
116.8015
109.8330
115.1147
114.4584
118.7774
116.8076
112.7060
114.3064
115.9774
119.0862
119.1030
118.5769
116.9151
118.2421
116.0829
117.6800
115.9466
119.9801
117.1391
117.5909
116.9328
116.7762
115.7074
119.0240
119.5270
118.8878
116.1502
114.9970
118.6808
117.9713
118.4973
116.4694
117.9265
115.6025
114.0444
115.0619
119.2412
117.3161
114.0363
120.6623
118.6935
118.5917
114.8784
117.9896
120.8242
111.9835
120.3692
119.7359
119.3298
114.7835
114.0727
119.3665
119.7822
118.4850
121.0963
122.5930
122.6094
121.1515
118.2056
117.6951
121.7919
116.9124
120.6073
120.5702
110.6202
117.0622
121.5725
115.7107
122.7921
118.6410
121.9524
120.8315
117.8688
118.4409
118.2155
121.9315
118.3807
119.6441
121.4205
116.5972
122.0272
121.5665
124.0955
122.0578
121.7054
123.9246
124.0495
120.2421
122.8986
121.0113
123.5072
123.3055
125.2444
121.0494
125.2426
120.8802
118.1820
122.0854
122.5373
122.4712
125.3062
124.2780
123.6168
121.0264
115.2174
115.1708
126.0658
124.4335
116.8770
120.5567
123.8251
124.5665
119.3911
122.0269
122.1119
119.7020
124.9019
124.1498
123.1780
125.4478
123.1918
123.6737
124.6780
124.8875
120.8481
120.1216
123.2195
121.1553
120.7620
118.4594
118.3479
120.0229
117.6507
124.9055
125.7683
124.5188
126.2143
113.7459
122.0381
123.3233
126.9040
123.1823
128.2801
135.0744
134.0005
134.3878
134.8941
136.1466
135.1589
132.4115
138.7484
130.5112
134.2495
132.5845
137.8096
133.9407
139.1551
136.0326
138.2053
136.6311
134.6786
140.7875
138.2453
141.9828
140.9188
141.8194
135.0826
137.4888
142.0269
140.8954
135.7873
141.4016
142.3226
141.5002
142.4401
143.5871
143.4879
142.2832
146.9201
144.1285
144.1047
142.4537
143.0894
146.6509
144.2748
140.0245
149.2026
147.1950
151.2458
153.9899
159.6642
159.8383
154.8146
155.9108
156.4558
155.0134
164.1471
161.7719
161.6609
155.5219
157.8959
160.9898
160.6274
162.9933
161.6889
154.6907
161.0852
161.5156
159.7451
158.2257
163.9019
163.9613
163.9454
164.8631
167.6748
165.4415
168.4177
166.8122
166.3032
167.5890
166.5862
168.3800
171.9604
182.2235
180.2486
183.0371
181.2977
184.5168
180.5382
185.0845
188.6683
198.9600
202.9834
210.2271
209.7528
213.0659
211.0574
209.4917
209.8090
199.6882
213.4174
208.2003
212.1944
207.9348
208.7822
210.6397
209.7637
208.1812
208.4280
206.8854
205.2597
212.4103
212.2964
209.1525
205.5668
209.9813
209.1223
204.4730
202.9396
204.3517
212.6614
213.3612
213.0453
201.9951
214.8673
218.7453
218.7510
216.6140
215.9642
219.1928
217.3674
218.9422
222.0083
217.9713
220.6537
221.4703
223.7900
226.4187
216.6194
226.4538
229.7537
229.8669
227.5133
225.5457
228.7352
219.7928
228.0338
227.7178
231.3158
222.2910
229.4652
230.1111
227.0580
227.6093
229.2335
221.5877
227.6063
228.8150
225.3935
229.7989
226.0700
227.2508
226.3676
226.2059
229.6697
222.2420
224.1685
232.3974
225.1368
225.0386
213.0071
224.7733
221.2421
225.3885
218.1104
232.6582
230.8379
231.0557
228.8623
229.7979
227.0481
230.5505
237.3108
233.9359
240.7481
235.1844
243.1940
241.6307
234.4491
248.1312
243.4207
246.2268
247.6129
247.0139
244.5902
242.1202
236.4847
246.2949
242.4464
236.9064
242.3821
243.1428
244.2786
235.9268
239.0175
240.6114
245.1854
249.3461
242.4238
248.2061
252.0290
248.6261
252.5505
249.6297
257.0609
257.3691
254.9796
254.8124
255.9079
248.4558
253.9287
252.5458
251.8632
246.1276
258.2145
259.3898
257.7769
254.2746
253.0483
256.8208
254.4696
253.6576
251.5318
253.5271
257.1586
260.5265
260.6670
256.4709
259.7376
258.7300
257.9916
251.2251
258.7111
259.0791
259.2589
263.5722
265.2536
261.2243
252.5419
264.7611
261.3409
262.3315
255.0631
262.0277
247.3517
261.3399
257.8157
262.7959
263.7631
267.2625
261.7910
271.0237
260.5430
266.0402
255.6286
266.2297
266.5291
264.8458
268.7816
265.9589
261.4085
263.4455
262.6366
269.7384
267.1742
268.3917
267.2174
263.5264
265.5440
264.4195
261.5765
262.3263
267.7973
273.7719
265.9296
269.9235
269.0343
265.8211
273.5726
275.6116
277.9880
264.9542
276.3001
272.5157
265.1258
277.2914
279.9687
