-472.2776
-346.5027
-229.7412
-144.6915
-93.5188
-61.4056
-39.8681
-23.6337
-21.3167
-16.5502
-15.5368
-14.0522
-13.5511
-10.6888
-11.1074
-8.3449
-6.6091
-5.9558
-5.4744
-3.3262
-2.8762
-3.6097
-0.1671
-3.6637
-1.4428
-2.3522
-1.3569
-2.5331
-2.2939
-1.5292
0.1990
-2.1036
0.2364
-5.3817
1.5791
-0.8289
0.3881
-0.0414
-3.2124
-0.5812
-1.9084
0.3628
1.6467
0.0984
1.5243
1.0770
2.3098
0.8046
1.4690
3.1911
1.0982
3.0542
0.0319
2.7109
2.4842
4.3539
2.1072
4.9628
2.4300
6.6326
-1.6888
1.2311
1.1835
4.1297
4.9196
7.1822
8.0983
7.5376
8.5257
5.9056
2.6709
6.2782
6.0510
9.7349
5.4241
7.3849
4.1899
8.4751
9.1965
5.3630
6.4083
5.6875
6.4415
7.0692
6.2514
9.4102
6.4023
8.9390
10.2292
4.9506
2.5461
8.9738
7.7366
6.1646
6.9361
8.6411
7.7328
9.9623
8.2709
9.2502
11.5549
9.3140
10.7148
6.1363
5.1243
8.9952
9.5121
9.7804
8.6367
11.4471
12.2476
12.6965
12.7200
9.9306
13.3791
6.3362
13.3597
13.0299
12.7727
8.1178
11.5399
10.8917
13.1616
11.7022
7.8645
16.0412
10.4894
14.9812
8.4391
14.5210
12.8560
9.1104
12.3795
12.8661
13.8643
12.3127
13.6350
12.2395
11.4248
11.2219
16.0821
13.9991
15.5257
14.6008
9.2259
12.6373
13.4077
10.1578
15.6352
14.3321
8.2684
12.5734
15.2315
15.0717
15.8820
3.8252
14.7385
11.5381
11.7354
16.3719
14.9643
10.1994
13.2844
12.4038
13.0166
14.1749
7.8152
17.1367
9.2989
13.1975
8.2665
10.2794
7.7502
8.7345
16.4554
8.5644
10.0423
13.8374
15.6793
12.8342
13.3663
13.7874
15.4588
16.8216
11.9658
14.1262
14.9448
13.8925
15.4562
12.6405
15.1106
15.5645
7.8640
16.5215
14.7493
16.6326
15.2722
13.1751
14.5165
8.4297
15.8119
13.1452
11.0682
11.0643
11.7198
15.2519
14.6351
9.9104
10.2021
14.2653
13.3039
16.0310
11.4486
16.4840
13.4723
12.5401
13.2863
15.9190
17.0484
12.3202
11.3209
16.5368
13.0918
13.2449
17.3184
15.3964
12.6522
10.2538
11.0401
14.8325
16.7911
14.5871
12.5595
17.7784
16.4798
17.5582
12.8279
11.6103
11.7664
14.8130
15.3021
13.0696
16.7086
10.0475
14.0022
10.1572
14.3795
15.3291
11.3605
12.7940
13.8265
15.5838
16.6396
12.3203
15.7531
10.0335
16.3778
10.9489
16.0122
14.4771
8.5642
14.0753
18.2499
17.5235
16.5851
10.8476
15.1327
13.0285
11.3531
9.6778
15.7994
15.9319
16.5718
16.9468
14.5555
16.7806
16.4492
12.9241
10.9537
16.9467
12.2361
15.7894
11.2169
14.5427
16.8594
15.7917
15.8475
14.2303
17.4112
16.7115
9.2530
12.7608
8.7928
10.8106
12.7303
15.6967
16.6568
11.5806
13.9888
17.2207
17.8838
13.0931
15.1400
16.3012
13.9036
15.1426
12.7390
17.2231
15.2632
14.8899
14.9090
20.0277
19.7500
13.9501
15.5091
17.5231
15.3046
18.7474
16.3671
21.4478
19.3266
15.3594
13.9989
12.5690
21.5908
20.9459
17.6424
18.7096
20.8603
21.0950
13.3475
21.0313
21.5490
19.7606
19.2602
23.8456
22.6985
24.0343
17.9318
23.0490
24.4232
21.4697
24.5301
26.0051
24.4156
25.2602
25.4665
25.2918
20.0511
26.7668
25.9646
28.1885
23.1799
23.9554
29.1088
27.2268
22.6149
30.9193
23.2106
24.5940
26.6878
28.4068
27.7266
30.1810
28.4857
25.6068
25.3026
26.7736
31.2712
30.9242
29.7671
28.9988
27.2625
32.9384
24.4529
31.1891
22.3003
30.3949
22.7125
30.4852
25.0156
31.5534
34.1484
32.2371
30.9450
31.7107
26.8288
35.6073
33.2141
30.7095
27.0492
33.2840
32.4124
33.9307
32.3963
31.3586
32.4269
30.5153
33.2242
33.1726
31.3376
30.2557
36.8511
37.5925
34.6896
35.6455
35.2058
32.2193
38.8393
41.5255
44.7806
49.9207
53.6860
51.8809
49.8302
57.7302
56.2463
69.4762
73.8373
75.7063
76.3439
81.3814
81.5152
79.8564
79.3422
85.9165
80.5770
85.9682
86.2982
91.9264
86.8058
101.2534
100.1449
104.6300
108.5565
110.8157
107.2369
111.4715
111.1571
103.6599
112.8906
114.5564
109.1507
109.4029
106.4417
112.5625
108.8535
108.9681
113.2944
112.3814
112.0225
114.1263
118.1027
113.8957
111.6382
110.3740
110.3729
119.8188
111.8261
117.4652
121.0665
111.4798
108.8558
115.0135
102.1563
108.7292
116.9547
106.8334
119.6130
119.8405
109.9244
112.1284
118.3732
113.1470
121.8923
116.2880
115.5234
124.5134
123.9547
118.7346
122.3652
122.8976
109.2887
113.6471
117.1704
126.6087
124.2146
113.1399
117.0192
126.6119
119.0121
127.2099
125.5708
128.9869
119.6426
129.2444
132.8020
128.3822
134.4185
136.9283
135.3108
136.6723
134.1788
142.7939
135.4608
140.2536
140.4709
140.1472
136.8237
139.7503
139.1309
143.6859
151.8598
150.0332
147.1714
150.0900
142.0525
146.7464
148.5337
149.4365
146.8884
142.7658
150.7829
147.7522
154.6467
149.6147
153.5353
153.2424
148.2109
154.2926
154.7848
160.1436
157.6473
155.7231
164.5269
157.5409
166.5568
155.5196
166.5402
164.6843
175.9170
169.6252
175.4327
176.7174
179.3310
177.2565
181.9863
174.7380
178.4381
179.2266
168.7166
176.1153
186.0636
190.6305
186.6722
188.1306
192.7127
186.5534
186.9807
189.2924
193.5036
199.4058
203.1609
206.0929
190.9877
203.5009
204.9696
200.6022
206.9131
205.8915
193.7361
203.5628
196.2078
204.1389
201.2185
206.3486
210.5435
215.7109
214.2559
224.9511
214.6102
216.6178
227.4845
217.2576
215.9105
218.9590
232.6167
224.0832
213.4204
220.3082
215.4595
229.2630
230.8478
233.0969
222.3148
216.1072
233.7388
226.6043
223.0185
224.2918
230.1413
230.3207
242.8307
240.0590
244.9498
243.6309
250.7002
241.5495
250.5400
252.8604
254.3770
237.6336
255.7769
245.4069
242.2138
248.8888
251.5493
247.2921
244.7456
242.5898
257.1959
254.2951
253.7720
262.0667
254.0169
249.9855
260.6812
253.5130
249.4990
250.5711
236.9514
251.4665
255.0678
262.2072
258.2984
253.3249
265.0933
266.3482
259.2545
263.3447
258.7870
254.0625
266.4331
268.1855
248.1530
257.3495
269.1861
267.4589
263.0788
261.2855
264.0513
265.9824
265.4385
269.3394
265.1554
273.6396
269.8238
267.6684
253.9826
266.5749
264.6989
262.1303
270.4533
272.1635
270.9465
278.5401
266.1593
276.2703
279.0844
270.7356
272.3287
269.6356
270.7480
271.3967
269.8401
268.1635
270.1123
272.7747
269.3420
266.2481
279.8062
260.0982
266.0166
265.4712
281.0737
283.5616
273.9405
259.0893
288.8827
280.5537
259.4631
277.6246
278.5553
281.8416
281.3226
280.9420
282.2516
289.4501
289.4883
282.4656
283.2475
283.4476
298.2024
292.6097
279.5699
279.2139
293.3506
266.4683
289.5221
277.0714
294.5456
288.7517
296.0089
294.5972
279.7860
288.4610
277.3026
283.3978
277.1742
288.2235
281.0704
290.6445
295.9110
277.3671
292.9089
290.1039
283.7336
294.5976
286.6127
278.5635
286.5073
287.3589
297.4176
298.1078
300.7162
284.6993
294.7468
286.4191
291.4837
284.2368
289.4065
300.9112
287.3338
304.5956
302.6896
301.4318
283.7795
302.4600
294.1656
319.1179
315.7549
309.6873
304.3734
294.8485
306.1639
310.7003
306.4471
299.4237
317.2612
309.4600
299.5253
300.5664
297.3384
311.3298
315.0949
311.9205
322.3301
320.5844
316.2364
317.4264
326.1305
324.4004
320.0007
325.2905
324.3053
321.7599
324.6472
300.8182
330.0494
321.9336
326.6134
322.6367
335.0020
318.5971
318.5382
326.8781
311.5745
317.1154
314.8514
312.3732
326.5784
321.6273
329.8448
325.3394
328.4795
320.5592
324.3427
323.5357
338.0918
326.5241
332.0811
330.3863
324.4388
320.8016
321.5687
315.4164
323.1745
332.4628
322.1942
316.9154
317.8518
325.6944
331.2115
319.3826
314.9199
325.2958
332.8544
334.1989
333.5614
323.9920
335.1448
326.0370
319.2099
325.3777
333.2974
340.1105
319.9700
337.5566
338.0923
321.9982
332.3884
338.7646
330.4120
335.3392
328.0801
317.8373
328.1306
331.2087
329.0098
335.5331
335.6591
329.5585
341.1974
321.5689
323.7584
336.7140
321.7942
331.1067
341.8098
332.7003
331.5932
330.0588
330.1978
329.4399
339.9104
319.2999
320.6387
346.6561
324.2990
338.2580
338.6816
331.8125
326.7788
335.1794
324.7380
337.8548
333.5572
332.8162
332.0293
332.2686
338.5382
342.6249
328.2344
340.7089
342.8014
335.5416
342.5339
341.0898
343.9172
334.6303
337.3366
333.9180
340.2551
340.6186
332.6950
344.7324
339.4987
330.3381
331.5582
338.9497
352.9189
337.7446
344.5310
320.8314
341.2433
336.5495
333.2690
338.5034
331.6245
339.5878
343.8097
348.9599
335.1918
332.2474
336.1971
335.5569
349.1934
343.1145
327.8377
334.7746
340.7872
333.0809
350.4847
318.2968
338.3006
332.5889
340.0113
346.3836
349.6532
342.0410
345.6389
331.1761
347.9825
345.6102
344.3358
329.1276
336.9042
346.5967
344.3686
324.9801
337.1022
338.8626
339.4858
343.4768
346.4604
343.1032
341.8814
333.1396
344.2098
346.0234
336.6027
349.4142
339.7647
345.2838
331.0072
330.4913
337.5074
350.3383
339.7050
331.0742
343.9917
349.0013
346.4954
347.5129
328.9226
338.7501
346.6204
349.5481
326.6228
338.7531
341.8280
350.5413
352.9772
350.9542
347.1513
352.2325
338.9469
334.0800
345.4638
339.6749
339.1919
339.2410
352.7605
336.6186
348.9110
336.4173
350.2109
340.8954
344.3484
341.8815
346.8020
358.9013
342.4894
355.1090
343.6850
345.8530
340.0954
343.1890
350.4639
346.5776
357.4685
346.5611
340.5105
351.1798
338.9945
339.6501
341.7820
341.2625
355.1682
332.5662
