-476.5215
-322.2476
-215.9569
-145.4345
-92.7989
-57.8186
-37.4807
-29.0764
-10.9193
-12.1574
-8.1732
-9.1496
-8.0567
-9.6738
-4.6471
-3.9691
-12.0181
-10.8261
-8.8585
-7.3085
-4.9061
-3.9112
-3.0408
-5.5862
-2.5275
0.5424
-0.8387
-2.0005
-0.2606
2.2262
-5.4929
-2.0639
1.2093
-2.1684
-3.1360
-1.7336
-8.3661
-3.9438
-11.5409
-8.2037
-7.9793
-11.1953
-2.8913
-5.7438
-0.3469
-0.2911
-5.1376
-8.1084
-0.7897
-7.4223
2.1234
-5.1437
-2.8561
-2.8841
-0.3159
-1.9587
-6.2336
-2.3981
1.5182
-5.2389
-7.2133
-5.8797
-2.9642
-5.8486
-5.3248
-1.0340
-3.8313
-0.9330
-3.2944
-3.7356
-3.0326
0.6440
-7.3048
1.6922
-8.7954
-0.7456
-2.3034
-0.3929
-1.6937
-1.2589
-5.1053
-1.3600
0.5532
-0.4755
-7.6540
-1.6714
-0.0295
3.1279
2.8115
-14.8100
-3.9280
-5.2794
0.1430
-3.4453
0.8095
-1.6190
3.4029
8.6601
8.0316
5.6145
5.7053
6.0439
2.2647
11.1322
0.4693
10.1042
-1.7228
14.5097
13.7741
16.2163
10.8449
7.4079
6.4138
3.6949
6.7909
9.1866
8.7029
9.1730
8.6765
7.1183
8.8759
14.1541
12.8254
10.8188
12.4113
12.4521
7.9573
1.2529
11.3329
6.4580
8.5366
9.0277
17.9846
13.5635
16.0409
16.9270
16.9556
27.0637
7.4239
27.3645
21.3830
20.3703
24.9346
20.3977
9.9607
15.8490
20.4767
11.6572
27.1791
20.7847
19.3533
10.4884
22.3637
24.8619
10.7455
15.5732
23.1360
20.0601
29.5013
14.4867
22.4609
19.4210
20.0430
19.2005
3.1823
37.9799
24.5777
19.6153
29.6943
23.6925
23.1134
21.5178
28.6392
23.8960
20.7234
24.2388
19.4543
16.5763
25.0128
14.0096
22.4470
17.1035
25.6196
4.9067
21.8283
23.2832
15.2361
17.5044
23.4710
35.3774
21.9893
28.4073
27.1757
24.4967
18.8134
22.1406
26.0024
10.7692
13.1607
24.4315
13.5106
17.1811
21.5796
22.3527
27.4740
28.7719
25.8980
23.4839
17.4320
21.9237
14.8352
28.4346
23.1032
21.8714
12.0942
21.2969
21.7710
25.4981
2.1704
23.2100
31.9834
23.9637
10.9618
28.0722
31.7448
30.4783
25.5859
32.5583
23.8917
29.1472
19.4534
1.1064
26.0045
37.4592
21.7941
25.8578
21.0216
19.2774
23.7177
18.0131
10.5365
7.9490
27.2091
18.9120
33.3660
21.3232
13.6454
26.9607
26.3064
22.7701
17.4953
15.2891
22.6825
31.1589
25.6871
18.7015
28.5861
23.3900
22.9162
24.2698
30.1055
28.8057
37.5379
10.1292
26.2805
25.6141
21.4057
22.3984
33.7685
24.7867
25.6668
18.5667
27.2460
26.8365
31.8630
21.3560
45.9891
39.4688
39.2635
49.6219
41.7737
51.5941
49.7018
48.4592
50.0809
42.9384
34.7684
38.3833
36.6708
49.8443
51.4329
43.1099
60.4865
57.9421
43.3901
33.0278
47.0999
50.2345
40.6210
45.0687
47.2449
52.8214
46.8997
39.6396
33.0139
45.1166
37.1575
41.9734
44.5906
42.9731
58.5481
51.4571
43.6180
20.9106
40.3515
51.1221
33.1915
28.4495
45.3102
47.3098
31.6251
32.2855
34.1005
44.9728
54.2842
40.5745
52.1038
57.4227
35.7919
66.1160
55.5349
36.5136
30.7852
51.0855
35.3559
39.6696
58.6800
56.9988
45.3076
55.8921
48.5256
42.6867
58.7625
45.0510
50.5949
38.0735
46.5117
35.3963
48.0868
61.5762
35.8103
27.3800
36.1710
41.3484
45.4230
34.0421
40.4613
51.4928
41.8709
46.1141
49.7223
36.0812
36.9178
37.2368
54.2635
46.8847
38.7617
36.1059
49.5827
59.8765
37.6747
39.2604
39.5701
47.2970
52.9650
30.3171
58.0344
53.3136
37.6645
38.5710
33.6674
60.0627
42.9168
44.5753
42.2466
45.2415
52.2448
64.4277
37.8357
39.2828
55.0198
48.0136
26.1819
49.9547
43.0066
54.5475
31.9218
55.9215
59.5469
49.4285
30.7954
37.3736
51.2527
58.9705
53.8825
37.8737
44.1869
50.2461
34.7487
45.9310
54.5868
55.3420
49.0678
44.5917
48.2439
51.5023
48.8199
37.0109
52.8291
34.9610
61.1747
47.5423
54.5356
43.3875
47.1630
36.8156
26.3683
34.8825
60.1610
60.4897
51.9258
40.2057
55.0901
43.1593
41.8871
37.4985
44.1332
49.9448
37.9670
50.9769
43.2947
43.6532
59.2382
61.5047
45.2542
41.8685
44.3326
53.7879
55.7958
47.6682
51.3493
37.1491
16.1257
45.5880
59.8020
43.4805
37.1018
26.8330
23.6723
36.8092
42.3304
29.7276
25.9072
38.6513
23.6088
51.0687
59.5753
60.7267
39.7124
54.5861
51.0128
42.4093
34.7462
38.9847
38.4594
37.7441
35.5661
44.5450
25.2234
47.3755
46.3160
32.2895
41.4491
33.0195
41.2878
49.2027
51.7021
50.2054
42.2277
31.9039
47.5276
37.2728
50.6126
59.4651
55.2970
57.1568
32.4054
47.0899
45.5217
54.2466
49.1607
51.8801
48.3177
54.0754
44.0797
28.5182
37.8582
48.7779
38.0600
43.5421
52.7230
44.3366
30.2755
40.8291
47.8981
46.1676
45.4503
58.6855
34.4333
52.8772
40.2001
28.5771
34.4515
37.4400
59.2404
51.8636
37.6412
38.8027
47.7175
51.0285
37.6493
46.7300
29.4312
29.7020
45.2813
40.0143
38.8885
45.9515
36.9860
40.5918
49.5547
24.5686
53.4423
52.9947
35.5250
41.2154
45.6095
48.0386
43.9259
50.4058
41.7039
17.1246
39.8682
39.7815
40.9729
26.2895
36.7854
34.1573
54.2673
53.3078
55.1776
51.3207
53.6542
53.3942
45.9359
50.8004
30.2658
44.4829
48.8912
51.4673
39.4191
44.8050
40.3911
50.9855
50.7753
56.0353
70.3953
47.7901
46.0518
43.4359
47.9422
53.6441
34.8197
27.2623
52.0894
46.6847
53.3142
53.1749
38.4461
43.1436
32.2139
34.8860
36.9583
46.8250
48.6837
61.2614
23.9566
43.5982
50.5867
48.3883
53.7197
53.1656
49.9570
45.8517
56.2384
62.9667
51.2794
52.7775
62.7547
59.9554
43.5092
57.4269
41.3270
30.6904
44.3255
30.2415
41.4760
39.4418
48.8335
44.4821
34.4429
58.5589
43.7273
35.3973
44.2278
48.6346
42.5818
47.5499
54.0438
27.4144
62.8910
45.7294
52.7650
44.9860
46.8783
46.4088
38.6804
38.9106
42.6485
37.7808
36.2924
45.5678
52.6069
44.5259
55.7684
42.4832
38.3184
54.1185
54.2907
35.7658
53.7696
49.7511
29.9946
47.4282
42.9781
33.2617
55.4063
26.9326
47.2502
37.0478
39.1094
46.3758
35.2203
59.5178
38.9113
32.4815
40.8742
53.3601
45.2165
44.2406
45.8919
60.2478
51.1825
47.7763
48.0102
59.3003
58.3230
56.6334
44.6495
53.4804
43.9454
45.4227
41.6061
56.6124
47.8714
62.7214
26.9227
58.2222
40.4147
45.8210
62.7125
37.7342
41.0314
52.1480
44.1638
58.4624
49.4274
39.6096
50.3500
39.4688
42.6816
54.5633
39.7606
42.6456
34.6867
49.3024
50.1764
49.0625
43.6810
37.7495
42.6044
29.7650
51.9096
54.4853
46.4188
35.6023
51.0042
27.0392
45.6170
36.9797
41.2462
46.9765
61.6318
53.8024
65.2002
52.5553
34.8927
42.9118
53.7849
57.5469
31.0257
42.2921
48.1384
35.2145
38.0808
43.6438
45.6063
49.6167
32.9737
56.0205
56.1956
47.1045
51.6000
58.0112
68.9307
48.8536
53.6977
41.6533
20.4741
35.8226
54.0090
56.1197
64.3106
57.3055
59.8161
57.5571
47.6837
64.4405
55.2284
54.0238
35.6725
42.2247
41.0436
14.3621
53.3233
49.9100
36.9485
24.1042
29.7904
65.6019
44.4441
42.9831
43.9293
41.2487
51.1511
48.0311
46.4998
57.1876
46.7935
67.3394
31.2171
44.7571
39.7478
38.3896
37.2777
46.7654
48.0806
30.9493
39.7926
39.7518
51.0534
40.4726
41.1098
47.6162
28.5224
47.4231
41.8045
47.8443
38.9653
45.9072
37.9205
38.6951
54.8414
47.5053
50.6436
51.3714
38.7112
38.6023
43.4890
37.5775
58.4662
46.5169
65.7302
47.1831
45.9818
46.4901
31.6752
48.6221
23.3218
42.3680
53.1363
50.8625
70.1778
42.0661
48.9041
47.6827
30.1840
25.8746
48.9463
51.2310
54.2797
44.7768
46.0149
35.7801
47.2004
29.5890
57.9768
60.1174
44.9168
48.3555
52.9240
33.5068
56.8425
45.0574
65.3710
39.7170
53.6555
54.8949
39.6105
39.3515
49.6296
52.6926
49.2234
41.8343
52.1618
51.2748
50.0713
63.8518
56.9181
45.7250
44.7241
43.0452
47.8482
51.1528
39.7803
39.1893
61.2559
33.4756
54.3248
51.5121
46.6463
60.7826
50.6899
58.1498
53.6748
51.3163
60.1476
45.4535
23.8216
51.3038
60.8614
45.6154
56.8363
55.8630
33.2178
41.7383
57.8688
49.3400
55.1418
35.8779
53.4939
39.4153
38.9341
51.5495
34.7426
59.0212
26.1444
39.4059
64.1252
57.6435
40.2029
53.0703
35.1474
45.2988
59.7068
31.5455
57.6160
60.3621
55.9170
46.8072
43.5824
56.3026
25.6278
39.2205
48.3968
52.5423
39.2110
57.7591
46.8094
38.2592
40.0657
54.7827
37.3645
50.8628
24.1781
38.6637
25.9923
36.0300
47.7410
58.9035
48.1685
58.6247
48.7898
49.4710
21.4494
25.6930
20.3008
28.4258
30.1087
35.3243
49.9318
49.3484
37.8531
44.5483
39.7768
29.4469
56.7937
39.4391
26.9415
22.7882
37.5011
42.7420
55.5090
46.4044
43.3441
47.2287
50.5337
46.4778
65.9159
49.3166
37.2914
54.0078
51.4364
39.0055
58.3866
35.6272
57.5693
32.7791
33.1678
57.2336
45.5764
48.8811
42.9987
46.8274
38.4483
55.2304
45.3750
34.2568
48.3403
50.0232
52.0022
47.0518
53.8980
24.6224
14.5253
38.2687
49.8593
53.1905
52.8811
34.6929
38.0360
58.3859
26.3416
53.8685
37.7742
50.0870
44.1949
50.0732
53.5338
53.8468
