-446.0909
-302.4635
-203.7470
-125.3551
-91.6909
-54.9531
-31.9654
-18.4726
-15.3876
-12.9058
-8.9800
-4.7431
-6.7241
-8.6004
-3.5907
-6.0021
-4.8834
-4.8983
-6.0123
-4.7429
-6.4440
-5.4166
-2.1148
-7.0119
-6.3306
-4.3274
-3.4399
-2.3798
-1.1003
-4.1192
-5.2524
-2.0446
-1.6563
-1.9086
-3.8049
-3.5914
-6.6903
-0.8641
-2.7391
0.0762
-1.8841
-1.6601
-3.0072
0.4284
-1.4847
-7.1045
-2.9411
-4.6521
-4.1217
-2.3888
-2.0493
-2.9661
-1.0779
-2.9454
-7.5183
-2.5615
-5.6491
-0.8798
-3.8726
-4.5481
-1.7743
-2.4641
-4.5344
-3.9711
0.3989
-2.1297
-0.3976
-1.5094
-1.6248
-1.0495
-1.5224
0.5337
-1.7582
2.2637
2.1608
0.4620
2.1761
4.3948
0.9112
1.0076
2.4709
2.5606
1.5919
5.3562
3.2011
1.0209
2.8627
0.5427
3.0708
3.1523
4.6558
5.3684
3.0437
6.7817
3.8436
3.5398
5.5087
2.2593
6.2190
7.8945
6.1429
4.1297
3.4826
4.1603
3.0895
4.2546
1.9427
6.1706
6.3330
3.9260
2.6727
8.0068
-3.1384
0.7030
2.5715
4.1617
6.8875
2.4631
2.0517
3.0942
3.1388
6.3019
5.0085
6.1345
1.3051
2.8709
2.2184
8.4408
3.6888
4.2540
1.5492
5.6163
2.3192
5.1677
5.4184
6.3303
3.2147
7.8860
6.1670
7.4627
5.3629
2.1083
5.2292
2.5633
6.7977
7.5262
0.1105
3.5301
6.2201
2.9032
4.3724
-2.2936
7.6698
0.7119
1.9249
2.9054
5.5310
5.7943
7.2196
5.7165
6.5315
1.2225
0.2062
1.8030
3.7070
1.6376
5.1758
1.2935
6.2446
6.6556
0.7076
2.5039
2.8055
7.4445
3.3823
6.9431
4.8329
0.7103
5.3279
4.6010
5.9665
7.4210
-0.1742
6.6946
3.5491
5.7718
8.1639
6.4102
6.3601
6.5023
5.2298
7.7080
3.7305
7.3398
10.0486
10.2474
15.5328
6.4499
17.8013
13.8402
12.9642
10.7218
19.3382
17.2061
5.8794
15.3748
8.5934
13.0959
17.7040
14.3474
18.1170
13.3637
15.5036
16.4246
19.0350
19.2213
12.6525
18.8316
20.5126
17.6824
12.4328
16.7034
17.0640
16.2404
17.3324
18.8122
23.7634
16.5958
28.4592
33.2776
35.6238
29.8299
34.1965
39.0375
30.1394
28.7328
35.3759
27.2773
38.9483
36.9214
33.0915
27.9687
30.3861
35.6540
32.9650
34.9175
40.3363
33.3226
31.3992
30.4664
25.5604
27.9541
34.3927
34.7871
29.4788
40.1337
25.0228
28.9052
27.4255
34.0632
30.3556
35.2063
38.6963
32.0752
34.1460
27.5747
40.4349
44.8408
30.4854
39.7231
45.8563
43.5593
35.5248
27.8917
40.8116
38.0211
30.0892
43.0040
30.6800
42.4529
30.6503
44.3895
39.0717
35.8873
41.3236
42.1023
31.5114
41.9994
41.8549
32.4401
42.7078
41.6113
38.1196
39.9946
37.2552
37.3668
44.7393
47.2741
39.0720
32.2771
43.0930
44.3131
42.0699
44.7347
41.2068
41.2077
41.2763
33.1629
40.0218
47.9593
34.6611
47.1475
44.9092
44.9091
50.7075
33.8756
50.3837
56.0742
51.4805
60.1493
44.0968
60.6011
63.1111
53.2909
64.5229
69.9888
72.8562
70.4071
70.3340
68.5233
68.6682
66.1054
67.1022
56.4998
73.0973
82.3675
81.5635
77.8948
75.1612
81.6582
85.0750
78.9388
83.7258
81.8903
82.0138
88.8407
100.2192
107.3881
118.6243
127.7964
130.8970
139.0795
137.0062
127.5736
137.6942
128.3817
132.8978
149.0555
146.1261
150.5637
146.0415
150.8763
142.2047
149.9321
147.6515
143.6908
133.9734
155.8725
163.0125
149.5120
157.0203
150.1527
163.5990
155.0921
168.1974
152.3703
171.9301
176.2097
172.0396
180.6369
165.4223
178.6541
182.4955
166.9215
183.3759
175.7571
191.7519
191.1000
178.2445
181.1161
201.5925
197.9007
184.1673
192.5191
188.3306
183.0270
190.5078
205.2169
207.0980
201.4435
196.7971
218.0438
193.5301
205.3389
203.1227
205.4753
220.7445
220.6458
203.6022
210.3446
216.1776
208.8801
219.3288
216.4072
218.8182
231.7333
230.5737
231.9165
245.5506
227.9946
231.8902
230.8540
236.2073
225.9817
240.7214
225.1633
233.1586
242.8467
239.2735
248.0157
234.8710
246.2608
259.9341
240.2953
250.1472
257.2218
255.8666
253.2955
238.0890
253.6936
263.9602
256.2863
272.8087
268.2767
274.9465
237.8343
259.2680
266.7169
286.1690
261.2775
240.5457
274.1339
285.1498
242.3075
281.4191
262.9961
260.9572
270.1536
277.7801
285.0797
292.1102
280.9042
294.9573
293.9984
277.6696
281.7751
287.9108
273.0433
293.9328
286.0316
280.7412
291.7012
304.8348
287.1384
303.1284
299.3991
290.1695
277.6183
300.5075
295.8400
289.3974
292.4807
304.0624
284.1001
301.2448
301.1234
307.4629
295.0742
309.7223
304.3912
309.4451
314.8354
298.7339
299.5617
311.9722
294.9501
309.3086
296.0645
322.0715
301.3486
310.8087
304.1065
304.5342
309.8159
302.6628
315.0997
310.7209
306.0376
316.9011
315.9938
297.6647
308.1234
306.6597
317.9495
300.2704
297.8772
300.2319
306.6252
317.9148
303.1458
313.4616
317.4146
304.8354
309.6182
298.9684
294.6728
316.4799
315.0658
321.9579
306.7021
306.4197
309.2265
317.0152
311.4445
311.1822
301.3018
299.8195
292.3604
294.9770
312.7406
305.5023
306.2970
313.8010
313.7744
312.1311
309.3715
315.9612
320.4895
310.0739
312.5001
300.9564
299.0389
309.5084
319.3082
323.2334
328.1747
317.2106
314.9194
310.0073
319.1414
330.6462
333.2634
323.9711
316.5347
331.3199
292.5379
342.7261
330.9588
306.1838
319.5136
340.7074
314.8342
338.2383
327.6497
328.7821
323.7798
320.3325
318.9089
333.1607
326.9989
318.6981
323.7421
342.8007
313.9796
325.5652
345.0800
333.1295
333.7268
337.8081
333.5700
340.4226
336.9858
328.1943
328.2356
336.2065
339.6483
332.8698
327.7889
351.6151
348.6013
320.6576
342.4638
331.6925
338.3123
348.0979
332.8826
346.9600
355.8822
351.4551
340.3031
346.4201
342.3812
344.4218
344.3154
331.9906
349.8178
337.6129
335.9257
358.9339
350.9849
341.8786
353.9394
368.3812
354.9636
332.5059
345.3727
359.7278
352.4203
351.3393
348.9452
341.2819
350.5100
353.2615
357.7604
348.5084
359.5817
353.8128
350.5721
358.2441
337.1822
339.8659
347.3516
350.4998
363.7330
362.1006
369.7788
349.8147
354.4610
343.3507
340.9070
366.0197
358.4690
350.4309
355.9357
358.2696
375.1346
353.0918
362.3103
355.3531
362.6947
350.8199
355.9819
362.2131
366.7115
377.7474
333.5181
370.5732
368.7760
345.4380
365.9144
381.3105
354.6134
346.2081
382.0010
360.6079
378.4583
358.7340
370.8775
381.9002
374.5993
375.9935
388.6290
356.7953
389.6892
396.0296
370.2428
401.4031
363.7253
377.9504
381.6065
386.5478
371.6729
378.4365
389.0909
392.6199
390.1544
365.4347
385.9111
379.1316
381.7489
397.2506
369.1220
388.6466
377.6221
371.7849
386.4995
396.0017
373.3695
393.9697
388.0207
397.7815
390.1746
396.9038
399.9619
403.1172
405.5314
398.1692
390.3982
402.3437
396.7005
376.8113
397.5289
384.9144
377.7376
391.9242
370.9488
383.0560
406.8163
373.9235
368.1182
404.6931
373.5187
385.4935
363.5871
395.8325
370.2812
381.6202
370.6726
418.8375
391.6207
386.1118
411.0178
375.9853
402.3179
401.4280
400.2553
408.2760
391.5831
395.7408
397.3384
393.7613
399.8005
408.1219
384.6364
385.0304
392.1047
405.8842
392.4782
399.3986
388.4567
404.0971
400.4360
425.6004
393.0655
393.3278
395.2046
388.1479
402.2920
404.3161
395.2338
405.0791
416.8434
405.2000
404.0617
414.9781
417.4392
418.5111
395.6446
411.7911
411.5392
398.5897
403.3899
399.5884
395.4241
394.9221
415.7788
393.7847
397.4368
377.2750
389.9468
408.2197
417.1967
394.8860
413.0697
390.2075
389.4359
412.2756
399.9334
411.6470
406.4231
419.1943
411.3148
400.0780
402.1001
405.5707
404.7790
395.3173
382.3166
401.9459
439.7224
422.8757
411.6288
405.8707
409.1765
395.3908
414.4159
416.3705
420.2847
409.2214
397.3661
408.0456
418.0808
430.1321
430.2923
421.1303
391.7268
400.1596
422.4511
396.3714
422.2026
416.0190
411.4765
400.6321
416.3294
413.6556
418.2681
417.0681
408.1626
432.8209
398.0820
409.6363
408.7578
418.9834
408.6821
417.5205
432.2798
386.3435
403.4897
400.4120
406.8212
418.0610
429.6956
417.6555
401.4460
425.0261
410.4554
426.1000
409.8325
405.5311
424.8883
394.9807
416.8949
413.6022
410.0371
406.7517
407.4598
428.8447
412.6345
426.1989
404.5830
410.6346
415.8244
412.8136
416.1566
405.0988
395.5293
405.7531
419.8201
430.7012
428.3353
418.5309
391.2557
427.4221
417.2823
407.9349
409.3099
409.2132
416.0567
419.6688
407.6415
431.2459
414.7750
404.7029
419.6832
417.6681
427.3822
405.7872
427.2021
418.2023
408.7713
395.5079
404.3354
410.0002
414.7628
418.6554
430.8853
387.6857
386.3860
413.0491
411.1043
407.1407
397.7813
428.0730
409.8041
412.8764
413.7426
422.5286
413.5556
407.1649
415.2639
405.6804
425.5202
402.9041
394.6094
405.8425
404.2557
410.4019
398.6917
414.9241
413.2315
415.2792
426.2538
412.1251
425.3035
418.9555
408.3852
425.1336
381.1018
406.9424
403.9412
396.3519
418.7704
418.4569
411.5640
406.8510
394.5595
400.7576
422.3835
412.4537
422.7213
415.8135
418.8883
407.6945
408.5088
407.5261
410.0570
420.4376
417.3968
407.8379
418.8793
415.5384
412.9267
411.0654
414.7840
401.3042
416.3896
421.0963
414.3787
416.2624
422.7047
407.1310
394.5774
395.1731
415.9245
418.6599
418.2580
424.7137
422.3327
395.9409
423.7378
406.6026
426.4666
433.6501
438.2894
414.8346
410.9092
426.1541
418.6962
423.1295
427.7194
403.6230
401.6074
432.7834
408.7520
405.8628
406.5719
402.6925
416.9449
418.5428
423.6482
392.2680
415.8719
430.8794
397.9418
391.7729
402.5390
411.3695
417.2516
409.5950
430.5188
400.5563
413.5942
427.8071
419.4585
398.5987
406.0218
398.9806
395.4847
427.6660
406.9679
396.8836
411.0954
394.3216
395.6609
409.0370
406.7521
422.1017
415.1003
396.3401
407.0717
408.0479
420.8412
412.0878
403.7590
416.7909
412.5652
409.3231
384.5831
410.7987
423.0617
400.9180
409.1909
426.0454
412.8685
400.5494
421.2166
405.7031
406.1715
412.9035
421.5632
392.4307
407.7318
403.2146
407.8045
420.7539
421.6983
409.8891
422.5450
437.8212
424.4449
424.1086
407.2963
409.7605
414.8917
408.9814
432.7971
420.1486
416.6568
411.8289
402.9206
423.8214
409.6471
421.5373
417.7953
412.5015
417.1085
424.6635
391.6786
422.4180
408.2802
422.2372
411.3105
415.3537
416.2378
416.1387
431.7474
406.1351
403.7896
430.4393
433.2333
397.0460
424.7203
420.2514
398.8019
394.3795
412.1984
416.9718
411.3906
412.7187
416.7202
441.9269
402.9473
401.5781
418.1994
417.3552
436.3154
404.8727
406.6987
404.4897
420.1386
416.1490
421.4349
428.8387
420.5897
404.5920
405.5335
408.8650
406.8723
402.6041
435.3870
421.1605
408.3525
416.4140
423.3110
406.2936
419.1901
416.8259
410.8597
409.0585
427.1871
408.3601
403.5408
426.1663
420.6040
412.1898
429.6023
424.0946
409.8977
423.2716
428.0170
421.3323
426.2447
415.1712
419.7996
415.9345
428.2668
408.4669
416.0576
421.4691
428.2345
416.2651
407.4638
422.3926
411.8087
419.8672
424.6113
412.8174
414.6414
430.7093
432.7107
412.5876
400.0812
406.2818
416.5248
418.4062
427.5549
428.6267
419.3157
408.5967
409.5903
419.6550
398.9828
393.1639
406.4080
406.1408
407.5827
420.0614
426.3897
421.9879
416.7408
405.0249
428.3105
436.7056
426.5578
417.3463
410.8034
428.9937
411.3655
397.5521
416.3546
399.1629
413.1666
403.5988
417.1456
401.8275
401.7919
434.8166
405.5596
420.4906
405.9301
395.5394
417.3266
421.9969
416.7720
422.9675
426.4005
409.6705
420.8275
411.3989
422.1632
419.6279
410.6571
435.5886
425.6353
430.2969
412.4238
407.4113
412.5105
422.0571
402.6077
423.5349
417.2488
407.6644
438.4058
409.4907
421.5206
412.4438
412.9809
415.5027
409.4333
421.0608
411.6523
419.1389
416.9509
418.8589
429.5507
425.9211
413.9873
409.2515
435.8254
413.6703
422.0173
418.8149
412.0406
418.5890
425.1413
416.9400
412.8701
413.7389
424.6804
420.5601
428.5888
416.2289
409.9241
418.5670
419.4360
427.4249
434.5325
419.1100
418.1338
414.2018
423.2678
417.1685
408.0641
398.5736
400.7500
422.6048
419.9027
429.4266
408.0717
426.7183
424.2232
430.8155
426.1063
413.6775
446.2015
430.1196
408.2002
432.4749
411.0651
397.1157
429.3715
405.5175
395.2334
395.0076
419.0910
422.7078
409.3557
408.8561
409.2747
416.6233
416.9886
421.6554
427.8347
424.8297
416.5737
429.0178
433.6481
431.4906
420.9388
398.7734
417.9232
428.7280
411.1497
427.5223
402.6332
411.1568
423.6644
415.8007
424.7207
397.7837
406.1536
410.5908
431.1030
423.5107
411.9580
411.7437
415.4068
414.1922
437.3640
420.1871
414.0439
415.3850
421.7557
406.3229
414.7942
418.8912
428.2948
419.1040
408.5633
434.8578
414.1244
405.7907
410.4523
405.4065
424.5381
414.9487
418.2754
426.1849
425.7636
407.7586
408.7244
395.6944
400.6289
407.8201
426.1491
417.9618
420.7627
422.3523
415.2534
416.8758
427.9619
410.9065
416.8612
425.7451
420.1545
414.3227
426.0233
422.9113
445.2048
431.9452
422.4548
426.3949
428.1011
430.5912
422.0185
414.7846
413.4449
412.4246
400.1146
416.8203
398.5747
394.7148
425.4483
403.5678
419.8081
413.5005
412.8851
419.4360
426.0070
427.0797
400.8563
408.8589
426.3582
414.8398
403.7809
427.8021
419.6056
420.9564
420.9468
415.2956
433.2124
412.8114
410.1343
407.9964
420.0539
412.8637
412.1640
446.5663
417.1014
420.1856
389.7629
423.4240
416.7912
406.7660
431.4004
409.5276
423.9263
413.2040
420.0619
428.8214
432.3887
427.2993
433.3257
417.6804
423.4631
435.9877
430.0746
416.2151
420.2542
418.7545
420.6967
384.3532
417.8145
422.6053
415.4073
420.9864
434.6014
414.3752
411.3187
433.1103
436.3513
440.0416
427.5341
398.6308
421.5031
432.3209
386.1529
398.6587
423.9719
426.0447
423.1191
440.9319
415.6232
420.9799
411.3290
426.9452
424.4757
431.1270
430.4989
416.6849
423.9945
427.7947
431.1618
427.8068
408.4721
420.5109
427.0851
415.9404
419.2009
413.8941
408.0924
423.1865
427.1979
422.7323
421.8123
406.2570
424.5039
433.7378
415.5132
421.4226
420.3362
416.5824
423.9608
422.5657
424.1627
417.7652
423.4265
431.5108
412.4047
413.4667
409.9613
440.2485
413.4398
425.6432
413.3121
425.6617
412.5547
406.0740
407.3260
413.0894
415.7706
398.9315
414.5696
433.7968
434.9109
426.2864
417.7447
408.3289
419.7830
427.9246
426.1820
417.4671
414.3151
428.6810
418.3683
420.6763
435.5132
413.1712
429.3283
415.7604
418.1584
417.6345
426.1481
429.0417
414.3594
423.0334
409.4557
422.5935
421.3684
435.9864
414.3551
414.9692
411.0776
425.0358
425.6565
427.0910
433.2870
415.4445
440.3982
421.4935
428.9285
390.8111
421.4179
419.3560
437.8681
424.6767
417.4628
423.1237
443.3340
410.0256
442.3502
432.9993
425.7340
421.6220
419.6635
421.9037
418.2065
419.6388
415.8843
443.1006
427.2326
428.7586
412.2531
415.9252
424.9742
438.3864
424.9902
417.7424
417.2907
411.0435
423.1710
408.1449
425.4180
421.6438
425.3799
437.3140
414.6390
406.7621
399.4401
409.4950
423.4515
413.7895
391.8925
421.6595
397.9092
393.4618
399.9699
407.5848
421.1508
401.4695
409.4868
409.0270
404.8101
432.8321
428.1179
432.1990
413.5106
429.5902
418.3415
447.1286
429.0022
413.6900
414.4548
422.1699
407.1579
424.9329
407.7539
428.8474
422.4247
432.0742
432.5242
434.6491
426.5229
432.5169
417.0589
417.8861
411.8237
405.8312
390.0791
384.4559
414.7885
432.3765
433.2378
391.4377
417.2341
420.5376
423.6933
420.2003
424.3376
432.5758
415.6379
435.5200
393.1578
417.3116
431.3151
432.9516
402.9065
417.6318
428.3140
428.6492
420.7687
409.6583
406.2357
420.4107
419.3290
424.5526
435.9166
409.5127
432.6913
421.4955
422.9945
409.0750
406.6190
422.6412
421.6726
410.2595
395.0861
415.0164
434.5716
420.5834
436.1635
409.3112
423.6662
398.3722
415.2006
431.8816
424.8200
423.6313
431.2667
409.3563
432.9443
439.5631
435.7940
424.3644
411.4690
415.7174
429.1232
401.7304
413.3112
415.3820
435.1476
417.8677
422.8577
426.9386
421.5968
427.4757
419.5297
404.4338
401.2139
418.4353
427.7882
425.1652
434.6583
419.6434
415.1817
420.8039
413.1654
431.7330
420.5154
418.7415
427.3235
414.4257
424.4292
418.1436
415.9455
423.3709
422.9607
432.0536
422.5882
430.1834
413.9466
409.3069
406.4752
406.0999
414.0053
402.6487
416.5269
437.2195
430.7673
414.3104
431.7186
403.0852
400.2686
408.8381
427.2741
414.0045
423.9646
427.2791
420.0495
419.9611
428.9387
435.9937
417.0605
416.7772
425.0499
425.6741
437.2774
419.8373
409.6853
441.8893
426.1875
428.4525
423.2883
418.1790
416.9487
411.6771
418.6209
444.9804
432.9148
423.5290
430.4656
426.0264
433.9531
400.5269
403.0063
422.2901
409.9102
412.2851
415.5030
409.4387
403.5564
423.5207
423.9845
412.2810
415.2346
415.0963
428.1762
409.9812
412.1819
416.9946
414.8503
404.0801
415.0632
427.9941
420.9721
425.9853
418.0165
424.7809
417.7462
419.9735
418.2556
418.4089
424.4962
403.8830
398.0199
413.5775
410.7066
422.5197
398.4769
400.7972
404.0661
425.8342
433.8266
420.3546
391.1090
418.3496
421.9653
430.4282
416.2216
418.3681
412.8629
405.4578
415.7869
413.2273
406.1377
426.1799
428.2148
401.2938
406.6743
416.4198
433.5257
414.5890
433.2625
426.2880
423.7926
430.3968
414.7220
428.9222
438.8092
441.0570
422.8193
421.7416
427.8882
418.5427
413.0099
427.5117
428.8109
435.4116
404.6621
423.8474
446.0811
429.4327
422.5697
411.9283
409.9232
414.5292
412.3083
438.6626
416.9395
407.7117
417.7965
414.2994
415.0283
412.4347
405.9989
420.3347
434.5979
418.8824
413.0403
427.4005
426.7115
402.0409
444.2738
430.7466
430.7324
403.1772
424.2127
426.3738
429.5267
414.8996
421.0482
430.3001
421.7176
430.9722
392.6008
427.1991
415.7736
428.3133
428.0906
432.4887
391.4230
427.8166
417.7425
408.0816
423.4162
419.2568
421.6338
424.4896
421.6947
430.9172
432.5658
426.7952
420.7374
426.0329
420.4385
420.2352
418.9399
418.3241
389.4248
426.5357
437.4505
419.6635
415.9750
410.1395
428.7991
414.7947
427.5291
417.3967
430.0770
409.3983
422.1937
418.8616
421.1316
433.3250
412.5264
413.8066
421.1006
432.9815
422.0340
425.5638
430.2414
414.5072
420.2438
427.0348
416.9577
407.4448
418.8854
413.5740
412.6192
401.7679
407.5831
431.1552
430.3821
438.1331
431.7150
434.8879
432.8595
424.7552
417.6285
426.1693
440.6708
430.4006
405.4869
426.5141
408.1816
439.3589
416.9650
424.2943
417.0796
407.0631
433.5236
440.5601
416.4132
418.4678
420.7492
419.2752
421.7860
424.8366
431.4339
432.9512
417.9728
401.4243
398.0469
418.0165
400.9081
410.6552
418.1626
430.1030
436.3131
424.0800
425.6385
416.8089
435.1885
412.8108
418.5758
412.9059
418.2704
430.0707
408.1830
422.0394
396.9562
406.3500
418.7133
406.1458
410.2446
428.3796
431.1626
426.3414
398.8734
416.2945
393.6580
404.1024
415.3658
434.7908
440.6861
402.6918
437.2607
408.6583
421.4281
445.3221
428.3754
420.7996
415.1049
424.8318
398.3573
415.2932
403.0647
413.7177
405.3806
418.9606
419.9466
423.9360
417.3535
409.4156
399.3138
410.3028
423.0140
421.4458
432.1049
413.3535
427.9137
412.3863
410.4898
414.9856
416.9333
426.5670
408.5469
418.9738
422.1616
418.3563
416.7622
420.8943
428.0467
415.8775
412.8441
437.1173
379.3652
412.6993
401.3542
415.7963
410.0000
417.8602
415.4997
410.0511
420.7665
413.5730
424.1676
421.8463
396.1504
429.1632
427.6421
415.1081
415.7111
408.8546
382.9219
424.5963
407.6197
397.0825
414.2465
423.9426
411.9634
429.3946
419.2613
403.3479
399.6687
404.9863
420.1724
416.3285
428.4582
420.4662
397.6374
415.2009
396.1864
421.5853
421.1281
420.1009
428.1384
407.1073
423.8673
407.6533
430.3195
437.8528
418.0782
424.1901
401.2718
413.2461
417.5712
419.2588
417.7154
431.1900
434.8447
431.1643
426.3594
438.5113
419.8058
424.2074
438.0298
413.9845
423.1283
400.9392
422.8276
423.8619
400.3060
434.0048
393.0536
388.7016
416.3258
429.8303
419.3958
449.7811
422.7773
421.4348
415.4067
441.9274
430.7202
428.0359
409.7256
431.9967
436.6596
436.3910
437.9978
432.4505
418.3553
410.0369
416.2756
421.3749
441.4261
425.5022
433.2508
425.0526
430.7923
430.3214
431.7857
427.7092
441.2428
413.0206
404.0540
413.3512
436.6511
430.9222
420.4374
414.3210
425.7947
403.3524
433.5047
425.6564
435.8605
425.4620
400.8816
416.9764
413.5092
417.8933
432.6062
418.6293
411.9811
406.3276
411.9117
432.9615
413.0137
433.6531
434.9077
423.1057
439.5796
415.6073
433.6635
418.0132
406.9035
403.2546
414.7923
425.7181
411.8177
395.7732
419.2939
415.5531
423.0500
425.5736
412.3408
429.7403
406.7543
426.0213
427.1087
408.5667
403.8357
415.1643
409.6753
407.7564
437.2803
410.3476
399.1913
414.3755
425.9777
440.5440
414.7694
406.7617
438.7358
406.0865
418.2435
425.6241
407.6928
425.8264
422.9477
439.6314
417.1432
414.8618
430.2268
418.6410
428.5740
382.9573
399.9391
426.0133
434.8561
419.6512
433.5074
409.1023
412.8256
395.9664
396.1863
421.0054
394.7202
420.2691
410.5334
432.5857
426.9751
414.8411
415.5614
410.5965
418.9317
417.2174
411.7897
415.7524
420.5539
418.5372
427.6041
408.4987
401.7694
424.0966
412.4452
425.4455
427.4231
400.3650
418.0744
425.8929
408.7593
439.8339
424.0976
431.2751
428.2190
424.1576
432.6041
423.0385
412.2745
396.9193
426.7944
396.4470
413.3356
407.8754
415.4905
420.2896
394.0426
408.8256
411.7573
403.6406
413.9105
401.5468
428.1426
410.8616
404.5109
413.1203
421.6551
417.3321
417.6583
404.5057
427.8541
437.0420
443.4686
440.8885
426.8601
418.0468
414.7198
415.1864
415.4807
422.9973
424.7370
416.7584
419.9296
423.4626
422.2313
417.9629
421.8304
429.7417
422.5510
394.3549
411.6702
397.2474
403.9133
408.8071
401.1178
412.0354
407.5350
420.7381
408.1156
409.0416
426.6660
418.1961
423.0296
410.3677
421.2695
394.3230
405.8091
415.6506
412.0306
413.1170
402.1732
413.6643
410.4880
425.8546
409.4420
419.9495
432.9944
397.5672
412.7469
419.3349
422.7026
426.1323
417.0383
425.6256
415.2002
422.4006
425.8818
416.7217
421.4532
421.2752
410.5688
416.9907
429.9995
429.6336
413.0335
413.7506
408.8991
414.0399
417.1242
412.8615
412.6651
408.1799
413.4446
415.6754
442.7786
436.2096
418.0458
420.0650
418.6498
415.8591
416.7892
413.9116
413.4340
429.8372
426.4552
426.8395
431.1316
418.0147
425.6779
432.3759
427.7504
416.6360
421.7001
409.7046
437.5630
434.9576
427.8246
434.6102
416.5649
426.7567
435.5799
426.6841
442.2533
424.2439
429.7260
406.8062
411.4766
432.8485
406.6395
408.7831
424.8670
428.6360
419.5946
404.6481
412.8489
416.3175
423.5749
414.8760
419.7975
423.8119
429.7036
420.5664
418.9442
418.7068
426.4396
416.8303
411.6967
411.5815
414.3712
425.2712
423.6177
422.8641
433.1396
429.8418
404.5157
405.5511
439.3235
425.4023
412.2697
424.5175
432.2304
421.9432
423.8799
411.7904
409.5786
387.5111
423.7333
426.9744
422.4984
416.9429
421.4724
424.1283
422.2954
415.5909
418.2730
403.5839
433.4926
417.0272
411.4373
413.6129
429.4075
402.5477
438.2287
412.8767
428.4281
399.1257
426.2390
420.2462
415.6074
417.1359
429.7571
410.2756
422.6340
420.5128
415.3815
416.3420
403.9551
424.8830
414.2361
420.9854
424.7979
407.2815
407.8788
437.4261
420.2354
406.5034
419.6970
410.2911
415.0056
424.6500
415.9103
441.4473
420.0624
407.3262
390.0961
420.9785
414.7320
432.8536
429.5432
411.8019
414.0727
419.9083
424.5489
425.7905
434.0458
424.9421
429.7069
449.8677
429.0701
418.7973
409.2124
410.8661
405.9200
408.5638
425.5937
412.7615
421.3817
418.7707
436.3285
432.0145
418.2838
416.2002
415.2862
409.4709
418.6297
446.2031
428.5224
414.5725
422.9103
431.2635
425.9974
424.3693
419.0501
417.8207
422.4835
422.7921
403.9412
416.4462
437.4193
420.3648
419.8266
431.4204
443.7106
427.9077
416.7874
429.6112
417.3204
429.7028
420.9845
409.0318
418.3534
412.1331
423.7388
423.7526
434.1491
428.8833
432.3597
435.8436
417.9379
420.4400
426.0013
412.5015
424.6974
408.3444
421.8755
435.9984
417.4325
407.1271
398.4566
420.4841
407.7992
418.4276
429.5315
412.2643
417.6756
427.6400
418.8148
419.0713
394.1601
413.6054
430.3750
417.0348
424.5513
417.4412
424.0280
413.6289
415.7872
441.0316
415.0083
407.5577
423.9507
422.8988
431.7330
427.9604
428.8584
421.5478
403.3373
419.4124
416.2335
413.9650
421.2948
399.7808
392.3195
420.8211
402.8774
405.1966
409.9080
425.5925
426.3478
418.2705
423.1425
400.5316
423.7459
408.0142
428.1922
407.1431
442.9783
421.9991
392.5598
425.9467
432.2581
434.3976
438.9359
432.3137
443.8512
417.2636
434.2941
425.0103
409.3508
430.0114
434.8862
429.6514
403.9291
425.4374
411.3381
434.0953
427.1393
419.6014
408.2164
410.7642
420.4593
442.4171
434.7467
412.8745
423.5470
429.7746
419.0728
407.0079
420.4109
438.3778
435.2098
438.5412
420.6182
406.6885
427.6420
415.3855
407.7926
423.6876
429.0299
422.6266
394.5140
408.5083
426.3718
434.4274
399.2932
416.6970
404.0362
406.2158
393.8450
416.5379
411.5093
409.0448
411.2920
416.0922
409.6257
394.2914
409.5908
427.8710
424.0799
406.5550
434.5295
439.6074
426.8331
419.7579
430.2967
438.4837
427.3177
414.6191
429.3783
423.0799
424.1305
417.3058
422.2585
410.7486
437.2161
414.2534
408.9822
426.0511
427.7692
417.9607
397.1459
427.0655
433.0452
423.7436
425.3124
439.0385
417.9469
428.0614
423.6891
414.7173
427.5029
433.4980
422.9969
423.2817
422.9644
437.2714
416.0514
438.9502
422.3915
419.8019
436.8769
432.1121
413.7260
410.8778
429.3312
433.0218
412.5858
410.9710
418.2208
409.1444
411.6159
433.8327
422.1967
421.2077
433.3831
426.2332
400.4664
433.1375
433.9387
408.8491
425.1637
409.1147
410.8678
431.3800
408.9883
416.2258
412.3909
404.1062
417.0210
416.8612
428.8583
415.7035
433.5236
422.0304
403.4868
421.5336
406.2919
430.1916
428.5070
407.3507
421.5079
423.7577
398.7589
410.7045
416.8140
411.5632
431.8864
428.8005
422.1845
426.8845
434.8258
402.5449
418.9433
408.2788
408.1339
415.7946
423.0746
432.9748
422.7148
413.2115
409.0665
412.9303
418.1869
406.7165
415.7648
398.9675
431.8319
432.1313
415.7704
411.1000
403.3581
399.9431
408.8285
411.4407
434.7168
428.4307
416.2708
435.4831
429.9865
437.3596
415.6855
421.2480
421.6724
414.5345
412.9562
439.5632
435.6631
413.9981
412.9365
412.4886
441.5571
411.7243
428.6253
427.2377
422.9260
414.9337
421.8118
403.8450
417.5290
425.8354
399.2505
412.4325
407.7207
426.5861
402.7924
409.0528
425.3318
410.0454
428.1575
420.6026
427.7701
419.0034
425.0687
418.1623
413.1779
418.4204
432.6717
429.4810
423.1579
434.5469
420.4584
425.3028
406.2689
419.0737
434.4825
412.1222
416.4713
421.1314
431.6878
424.8511
407.7452
409.3320
399.1018
414.9893
399.7942
410.6366
428.5888
416.9326
424.5913
415.9123
433.8462
425.7569
423.4341
410.2003
415.2863
424.2555
417.0012
431.3917
411.2637
428.9443
425.1423
424.4160
427.8971
433.9673
424.1627
430.5336
427.3918
417.0259
434.4698
440.9105
420.8252
390.9318
427.5068
433.8241
434.8860
408.8792
428.3446
429.8676
437.2404
402.2532
428.6043
439.0441
416.5762
423.1203
417.9882
425.6282
429.4597
417.5981
424.5567
424.7321
397.2712
420.6891
422.7625
429.0441
429.5758
423.1737
406.7065
417.1930
425.4143
428.4337
419.9001
430.1278
404.8946
416.8245
423.2038
423.3336
415.6255
423.4017
434.0802
421.6931
399.3884
408.2671
416.2198
418.5442
416.1817
431.6028
422.8695
426.8734
421.2011
416.2381
431.5595
426.0095
415.6875
423.7969
399.1074
425.8740
422.2516
401.6169
423.1994
417.9835
425.6144
428.0343
424.6320
421.5291
414.2232
407.3034
416.3401
411.8617
425.3242
417.7272
391.9320
406.4361
399.5765
428.5174
421.9454
418.7833
423.6003
422.0612
416.1721
422.4762
433.6170
436.2959
421.8117
406.3660
416.3888
413.4535
440.7167
420.4151
418.7572
413.6036
415.6437
414.9658
412.6414
438.1471
421.0421
415.1831
442.1730
420.7060
416.4308
421.2629
435.3587
421.7987
437.1454
427.3624
419.7725
409.8258
416.2272
406.3746
411.8150
417.2882
425.1797
417.0451
404.7612
421.7292
411.0542
423.8866
427.8590
429.8839
425.3845
396.6129
414.9301
411.9355
442.4501
433.4395
418.0782
420.6945
417.4499
402.6391
408.3203
425.1177
409.6310
420.4484
429.5570
418.2569
412.9892
417.8781
429.0934
428.5668
421.8474
411.9844
428.6775
415.4513
406.4676
404.1097
414.5984
440.5102
423.7808
422.3061
422.9204
426.2792
426.9137
413.6632
432.0390
420.3131
425.9102
429.1459
427.5884
413.4191
441.7329
419.7279
407.6560
431.9797
416.6254
425.2171
414.1460
424.8556
415.9313
434.9597
412.8359
424.1983
404.2630
408.6329
408.8571
397.6293
407.3350
412.1476
412.5044
430.5091
410.4180
415.4169
444.1150
412.6349
408.9780
423.7519
428.9584
409.6876
423.0055
420.1645
420.2458
418.0580
429.9192
416.6324
405.3876
419.6491
412.5813
405.4744
415.1886
425.2260
432.0689
412.9535
416.0204
436.5854
432.2692
435.7687
415.3765
422.9377
428.0764
420.8737
422.8404
426.3213
431.5013
419.7280
411.8397
423.6481
429.8601
407.1572
432.3467
406.0014
436.1934
417.0429
429.9323
415.8734
400.0921
402.4609
417.1542
416.3954
431.9915
436.0600
425.3047
413.5202
432.7178
422.3862
423.8574
414.6454
424.0189
420.7279
416.4841
420.5915
417.3070
396.7945
414.2465
409.5873
405.1015
394.6016
409.4813
397.9337
423.0986
415.4818
429.4162
434.9064
416.3574
394.3059
425.6469
415.7664
413.1077
428.2075
424.9010
424.0428
426.3743
428.2178
410.8040
430.3898
418.0052
417.5226
434.5070
403.6002
428.0353
415.1433
408.1510
426.5465
413.3590
437.1295
433.6768
425.4868
420.8388
419.9336
434.6033
432.2182
412.0863
420.4871
422.1508
406.7390
406.4666
391.0227
434.1793
413.4202
438.6185
422.3719
433.2712
424.2799
431.9483
435.4889
433.2872
431.3443
430.2889
409.0347
402.6817
411.8181
421.2178
435.4286
434.7367
405.8947
414.4571
425.3738
413.7041
405.8251
410.9887
424.0347
410.2600
420.2166
427.0895
419.0185
421.2771
389.1034
420.7299
423.9502
424.3571
433.3036
428.9333
412.8925
406.1985
422.2428
435.4636
440.6798
405.8596
414.3042
419.2282
431.7633
423.3730
423.0311
420.2885
422.1086
425.0921
414.4762
411.3357
412.3460
416.1270
408.5599
424.7520
406.0603
424.6703
440.7861
431.9384
424.7326
415.9549
409.6702
420.7595
420.9542
410.2011
426.8450
440.9202
432.4186
415.0405
407.0898
420.2092
417.1377
410.7568
431.7592
436.7141
438.2127
437.7567
412.4318
423.6460
428.0215
412.8967
433.1665
438.8703
408.0324
420.8069
416.6463
424.6495
412.1072
435.5902
410.1060
424.5721
408.6850
406.2997
425.2300
431.1438
429.3886
420.3064
396.2465
422.9158
436.1934
433.1717
439.1735
439.5523
423.3831
402.6823
400.2188
414.7858
410.3112
402.4867
404.9177
418.5859
406.0084
410.0842
419.4061
405.7184
426.4402
404.9610
411.0928
414.9452
405.4630
408.9502
436.4672
415.8989
427.5377
417.3418
429.9160
404.1159
410.2424
442.2176
436.1222
419.9255
426.1148
421.8510
418.6950
419.4964
420.5169
421.1219
431.9066
413.2445
420.6927
420.2331
433.9546
425.4852
416.4889
418.1300
424.3011
404.9298
427.0064
439.3091
418.5904
414.2919
401.9989
424.6437
424.9330
422.7980
424.6356
423.4269
413.1331
417.2059
422.6010
416.0318
421.6582
434.6790
418.1060
424.6798
409.0782
404.4346
408.0189
429.9320
445.2681
427.5886
425.4492
425.4565
408.3134
422.6270
421.2331
417.3182
431.7885
433.1074
437.1002
434.3517
425.3906
417.0891
401.1675
417.6405
421.9296
424.4221
425.6783
423.1701
437.4579
408.4735
422.9028
434.6045
431.2373
404.3189
406.3342
416.7356
407.8593
422.9143
420.6373
433.3893
440.8097
428.9534
415.4271
432.0411
437.1110
419.8279
429.1939
415.7868
410.0576
411.8141
416.8495
432.9791
406.9742
422.0882
418.9931
397.2856
415.4826
414.9520
421.0636
407.8544
414.4390
415.0267
392.5476
424.5299
430.2447
418.7159
431.2193
418.5230
419.4871
422.9442
405.0047
409.3432
419.4730
382.5322
413.9342
433.1048
412.0668
409.9354
412.0086
391.1356
418.8448
418.6040
435.3254
431.7834
423.1486
411.3029
434.6634
426.4105
418.2462
442.9125
431.8288
422.3185
412.3559
431.2333
435.8664
429.8465
412.1225
410.6277
438.4264
408.0849
413.2441
421.9851
417.9954
412.4614
397.5901
403.8359
420.3010
413.5072
401.9353
415.5744
409.7366
408.7868
406.8888
402.8057
419.8518
428.0357
413.5124
423.4727
430.9581
426.4245
434.6757
405.4349
407.3881
414.5419
420.2784
418.4075
422.3225
431.0542
410.6715
408.4065
428.8887
408.8295
418.5606
437.6461
431.0651
415.5789
426.8010
414.6826
410.0928
417.5322
421.0365
414.7842
432.7751
421.4724
434.3875
404.3192
408.3327
414.7544
431.1176
412.4310
413.2196
416.4143
417.8723
409.7992
436.0279
406.4398
425.9157
425.7692
431.8586
407.9893
417.4474
424.7323
410.4322
410.6222
414.2607
409.4440
405.9218
417.4772
424.0324
422.0218
433.9791
412.6035
425.9603
413.8993
431.8580
412.6586
409.3546
411.5954
397.9946
413.2315
434.0402
423.8805
435.9093
427.5394
422.3200
416.1380
438.5000
436.3068
427.9860
417.0271
428.5171
417.0829
416.7442
423.6721
424.9926
414.2790
425.0664
416.3881
434.8467
439.1694
440.3386
418.2970
405.9026
388.7635
412.5469
428.6315
421.2379
398.9030
418.6424
425.6791
423.3282
421.9809
397.2648
424.0530
419.9107
407.7232
419.6950
397.8191
407.5435
423.4568
427.4664
416.8807
427.7200
428.9533
407.7106
427.5753
422.8380
410.1229
410.5432
417.3040
404.8843
407.3914
421.9268
406.0955
420.9814
428.0495
409.8315
430.6751
415.9303
433.0500
412.1097
430.5455
431.8784
414.8441
438.6522
396.1806
428.9161
421.5109
418.1883
396.2082
424.6034
421.0568
408.0666
379.3959
391.1812
415.9181
413.1968
401.4423
408.8827
403.6927
416.0354
419.1890
407.6503
418.3465
429.4222
431.8712
424.7048
434.6722
436.5854
408.5725
433.9432
433.0631
407.6888
407.1683
442.7859
408.6884
409.3273
410.8457
409.4752
415.3475
423.2236
413.0278
412.4727
419.0424
405.1475
412.4032
411.3198
411.2057
423.9296
413.4895
426.5128
408.9745
417.4372
425.7664
403.1934
413.4407
408.1014
402.9106
420.1655
407.6938
410.9790
424.1515
426.6877
415.5561
433.6184
413.9417
416.0099
403.8817
409.3196
405.1711
404.4366
436.7448
434.1521
429.8046
430.9686
412.5790
426.9031
408.9925
421.8650
440.5778
417.7821
412.5712
423.9314
419.8705
412.9599
429.3378
404.4902
421.5449
417.5419
412.7487
420.9201
418.6283
426.2547
412.9831
414.6092
391.3199
432.7255
406.6167
433.4857
425.5847
429.4524
419.1344
414.4172
392.7712
415.1776
420.7517
392.9058
438.1919
413.4292
426.0158
422.6548
404.5044
409.0643
422.1179
421.2461
399.4459
425.4738
442.0815
422.6183
418.3553
419.1368
428.2234
427.1865
424.5117
421.0544
418.5997
415.7423
422.3199
425.7395
408.1816
406.6547
419.8200
433.6669
410.5729
427.3384
415.3346
409.3932
443.7857
410.2509
406.7675
423.0302
415.2559
416.9847
411.5909
412.6031
394.7665
423.2945
427.3812
429.2155
428.6974
403.4782
405.7732
418.2613
426.6228
420.6552
414.8943
434.5639
427.0169
420.9364
424.7032
420.3012
417.8502
421.6848
427.7627
413.1945
397.4342
431.0062
423.4100
415.2582
422.0813
438.1076
430.5863
419.3676
393.9909
407.2844
421.2105
409.1425
417.9786
436.5744
424.1173
436.1096
424.4513
411.4640
405.8400
404.9290
415.4760
421.9698
404.5861
433.8874
415.5822
417.4536
424.5208
419.9631
424.9882
426.9653
407.3756
417.8882
421.4377
430.2708
433.7010
417.7641
430.2342
405.8892
413.0661
424.4832
440.9811
421.2076
417.1476
430.0520
403.8534
406.8204
410.3111
429.8014
432.0398
416.0088
431.6251
425.9163
403.4861
407.5005
418.4619
437.7712
421.1044
422.0844
431.1791
424.5180
424.5859
403.6957
422.9535
399.7870
429.9062
403.5789
409.0609
431.6836
399.2257
423.9736
416.3114
415.5008
405.9433
415.0048
401.2134
406.9450
413.5927
435.1051
445.2315
427.1536
426.0068
427.0659
428.5354
426.4091
432.7396
424.5193
419.6847
430.5866
421.2790
398.8789
414.7078
424.0207
416.6749
422.6904
388.2638
401.7801
416.9150
425.5997
423.6579
423.1651
397.2552
419.7592
425.5191
420.1484
413.9094
431.2802
425.8099
410.5822
413.4430
431.5305
433.3428
414.3810
422.0377
431.9437
438.3467
402.9504
411.9267
419.4108
400.8263
417.0928
406.4893
431.7910
433.4946
411.9761
429.2550
422.5639
434.6022
419.2978
421.0166
426.9082
424.4912
403.1863
424.1878
418.3795
433.2363
424.0164
417.0194
428.9348
438.2794
423.0262
418.4312
416.7925
430.3407
441.8290
403.5859
433.2056
434.0264
439.6298
433.6171
417.3903
403.9011
415.6638
399.8486
420.9697
428.0660
428.8780
423.6652
442.6897
419.2362
390.2872
398.8974
414.7805
402.4680
403.0030
429.4372
428.1728
413.2151
417.3649
412.3956
397.4463
427.0283
429.2431
422.2955
411.6883
408.4009
425.5228
409.8036
405.9893
429.7872
426.5539
417.9027
416.2661
403.8617
412.2234
412.7448
420.8082
401.4852
411.0928
426.1400
423.5034
436.3411
426.0935
415.3559
412.3813
412.8914
423.9828
428.8059
419.4626
420.6228
409.7000
399.9528
435.0215
429.4969
428.3655
426.8101
422.5612
402.8361
404.7037
418.8713
414.4757
420.7347
422.3322
414.5143
420.9772
421.8633
443.2038
408.4689
419.2146
414.9378
423.2448
416.8528
436.0528
432.7679
428.0183
418.4419
424.2888
424.9402
435.0058
430.2570
429.8476
417.5556
422.5298
427.9081
428.4100
428.6338
422.3630
425.1354
422.3781
407.2934
419.2225
394.6883
404.9714
412.9324
432.9556
411.5791
410.9543
405.0826
429.0523
422.2305
406.4779
427.1729
430.7493
427.3639
413.5082
429.1248
429.1006
411.3437
420.5080
402.5534
417.6834
425.5421
431.7627
428.8334
420.2892
430.5736
414.4467
421.0072
410.9744
400.1313
415.4723
390.4853
416.1978
423.3972
420.5978
428.5807
412.3233
428.2198
409.2147
432.9737
403.5710
424.6451
409.4441
415.9725
414.8605
407.7652
427.9671
414.2113
423.5605
426.1291
412.5583
409.0064
414.2751
411.1395
416.5511
394.7702
407.9123
414.7630
429.7047
419.7704
421.8385
397.3851
398.9246
419.0468
409.1091
400.0970
410.7773
419.7334
436.3680
404.6304
423.2181
422.9839
420.3662
414.3073
432.7401
429.2056
404.6175
413.7171
419.9399
418.1391
430.2404
433.1711
417.0403
409.4914
412.7547
395.5967
407.0325
416.8320
415.5170
419.2806
422.5666
394.8610
411.9108
439.0308
427.8887
424.7819
438.4783
412.3305
423.3645
416.6453
403.8942
415.9075
421.6289
418.2209
421.9199
391.1130
420.2023
431.4349
422.5268
418.8745
408.3215
422.8940
413.1099
410.7280
416.0261
421.6972
405.8003
412.9836
424.1543
420.5031
430.7499
411.8759
425.5602
415.2522
423.5668
420.1432
416.1738
413.7781
412.1574
419.7410
419.8330
419.1149
430.6429
423.8506
397.7767
424.8244
422.5602
411.4456
443.4572
406.4973
447.0570
426.2037
403.1156
434.3838
414.3819
419.7991
413.3309
415.0102
406.7955
424.5097
399.2150
418.0643
422.8873
416.2612
419.3123
433.3867
417.4543
409.4780
417.6417
434.7863
418.0336
421.8192
420.8725
417.3134
415.2180
420.7793
426.5267
406.6987
417.4519
410.1236
438.5485
428.1973
429.7124
431.3448
442.0735
435.1824
440.9104
422.8057
419.3870
412.5055
411.4214
388.4327
421.9520
434.5587
407.8438
398.9260
415.3180
413.7654
411.0648
430.6332
412.2247
421.0807
416.1619
405.6352
431.6475
416.1821
427.8994
429.8082
421.6694
423.9438
423.6481
404.9492
434.3844
412.5165
416.2332
421.7591
420.8748
415.8186
407.2098
432.1669
441.7979
428.4084
425.6054
426.2396
424.2493
405.1558
419.3634
421.3168
424.0863
399.6893
415.6811
411.2495
427.4508
415.7760
423.1897
428.5298
430.4364
430.7157
430.0075
444.8872
414.8356
425.7413
430.5922
420.5326
411.8324
410.6564
420.4895
416.2004
416.0701
411.7386
421.7409
413.8469
424.9400
416.0398
422.6166
412.2716
426.3023
410.6975
415.9220
426.5139
409.8311
423.9972
424.6891
436.8725
418.2574
408.5782
409.8757
433.5302
413.1432
424.6374
425.4161
419.1774
409.6131
423.7777
416.7043
429.8698
418.9904
437.6524
433.1690
414.6538
423.1433
408.1388
403.0458
404.0473
396.5783
435.4496
424.7594
431.2143
410.1844
424.7903
425.0113
412.9425
432.2777
411.9229
426.0119
422.0837
441.5659
421.0206
425.1150
411.8816
426.0280
404.8058
422.8286
410.0214
415.5972
422.8595
413.6506
408.4754
425.7107
410.9405
423.0383
426.9107
417.1631
436.2031
398.0464
400.1574
410.1647
418.3559
416.6894
430.3340
421.3020
417.9360
409.1948
404.9894
418.0032
416.2654
421.0829
425.1007
439.9716
414.9053
419.1783
401.1650
411.8761
450.4807
419.6453
419.8221
409.5436
429.8108
409.8268
429.6580
419.2222
408.8018
424.8603
429.3621
424.3078
394.6204
388.9841
415.1050
396.3351
410.2650
417.5161
405.6060
429.2536
405.4027
423.9854
415.9416
409.1081
433.6802
412.3428
427.5198
404.7959
427.5953
421.1307
412.5698
408.1124
413.2679
412.0439
419.6597
422.0339
393.2908
416.6368
414.4596
431.2310
423.9803
429.5721
432.0646
417.0393
421.3995
437.0145
413.6380
414.0779
425.1652
415.2806
417.9409
431.3125
411.1846
410.0388
394.3037
420.9082
424.8940
446.0201
425.3933
435.6720
411.3769
418.6763
431.2957
434.0216
427.1239
416.5527
423.6560
432.6026
419.4518
428.3344
424.3144
428.4962
411.0737
429.3001
437.0407
427.5991
419.0045
447.2625
446.0935
412.3459
403.7952
417.2895
412.8138
426.4844
421.0905
436.7554
427.3323
433.3223
431.3284
403.2519
430.2795
414.3802
423.2192
420.7180
408.9341
414.5441
403.1630
400.6416
409.5781
434.2500
408.2991
423.8474
409.6199
433.2773
414.2921
404.0748
391.4935
414.4291
416.0218
414.9733
409.9984
392.9798
426.8249
416.7954
418.0044
432.8289
421.3543
422.0066
408.2211
427.5654
416.4437
417.5088
425.3822
410.5915
417.2086
408.9659
428.5170
429.7997
410.7427
428.9641
420.7635
426.6761
419.7235
427.3277
422.0283
410.7045
422.5209
423.7885
427.3639
423.9059
436.6553
410.2431
415.2334
404.3589
439.7697
420.4948
423.3111
418.7356
417.5379
403.8117
431.3433
406.2513
411.0864
405.5181
407.6915
421.2884
428.7791
415.0028
407.4350
419.3925
427.6037
419.3914
420.1613
425.4944
426.7715
414.5743
425.7654
425.6732
434.2446
427.0315
423.3899
398.8131
414.9953
435.3397
396.7434
409.2829
416.3721
421.7246
422.1967
407.7901
418.5707
438.1486
415.2972
407.1500
405.3645
426.1120
426.8285
425.7783
415.8703
406.2085
415.3920
411.3550
434.7861
437.6636
441.4476
440.4151
441.0469
388.4324
400.5610
402.6255
411.4935
401.7423
411.4936
432.5118
426.3100
418.2052
422.2049
435.3134
398.7733
422.8488
431.9210
430.1932
434.6189
418.7968
440.1019
431.9928
411.2936
425.1185
433.3917
434.9022
430.7198
407.5712
429.7787
443.7247
407.6170
421.3008
419.9886
379.6575
412.1141
433.7526
421.2094
417.6523
431.1577
433.7982
428.5511
417.9841
413.9520
421.8242
397.7211
414.9969
411.2148
418.4780
405.2400
415.1697
416.0131
417.0141
429.8189
408.9295
405.4354
415.3784
411.9701
432.7793
429.2319
424.4710
418.3506
420.5152
435.8988
410.4912
412.5731
417.3135
426.6171
426.2224
441.2177
400.8518
416.3696
419.8820
403.9680
425.4780
432.9407
423.9544
406.0290
427.4044
433.2537
409.1590
410.8174
417.0617
411.8802
412.3971
411.5419
420.4192
439.7988
415.2936
413.6598
420.7247
413.1993
419.0634
425.9111
404.1584
415.7355
408.2016
406.3121
410.7711
410.5719
406.4365
426.7327
413.7004
415.5187
418.1499
398.5470
431.8726
413.1640
414.9078
434.7346
396.1313
425.0007
415.2927
413.0528
436.5260
433.4927
428.5965
425.0249
410.5359
399.8952
426.1910
425.0447
424.3488
423.7186
404.7491
393.6660
428.8877
427.6724
418.7987
409.1285
420.3616
432.0180
440.2000
431.9289
419.2828
437.1828
425.7223
417.6068
436.3386
416.5635
420.6784
412.9001
424.2627
405.4596
423.5472
431.6931
435.3137
423.3920
410.6012
422.2200
419.9234
415.1105
417.6668
431.9376
437.6339
407.5908
414.1803
422.4782
395.3750
406.3271
418.0343
416.9946
407.5460
438.8725
417.2813
422.1432
428.2248
422.8188
398.7945
421.6727
436.6801
424.2353
431.8087
420.9800
424.4785
422.2183
429.5033
417.0386
431.4273
433.7289
422.7927
410.9668
406.5258
400.3299
421.2743
421.3189
423.2869
436.5309
420.9694
433.9762
436.8846
407.9645
411.1381
400.7079
419.1315
423.9469
410.6109
433.8167
427.4259
431.5014
418.0260
402.6393
414.8379
419.3379
415.3603
395.2171
432.7953
419.1970
424.5110
424.6365
416.9432
416.2205
427.3368
420.5680
429.0265
411.3131
418.4129
427.3322
418.2999
389.1750
420.6823
404.4427
422.2039
412.6824
399.6841
416.4488
406.5633
423.7745
417.0761
424.6112
423.1542
418.4328
407.9361
414.1662
419.0152
413.8503
417.6495
428.1711
435.1503
406.4892
426.0095
418.5823
416.0518
427.4319
431.8770
430.9854
411.3610
430.1842
438.7570
412.1541
435.6730
432.5272
426.0656
425.8779
447.4977
424.9695
405.1000
395.1570
380.1978
438.1211
418.2103
410.3488
417.7716
419.3128
432.5482
422.7349
429.9461
440.1346
437.8897
413.0317
412.8204
432.5630
429.7905
421.7790
404.6531
426.7732
409.2287
429.0461
431.7256
422.2220
411.1432
432.5299
434.8677
424.2855
419.6460
429.5994
433.0049
425.3431
415.8576
424.9548
416.3973
423.8128
410.4397
412.9563
431.7601
426.0016
449.3400
406.4481
396.4344
421.7704
440.1397
418.8623
419.2468
402.7625
420.6552
421.3929
441.0435
422.6009
410.7908
441.1523
433.6337
411.6801
416.9738
416.7264
410.4678
417.7849
419.8993
440.5258
409.0332
417.8507
425.8028
435.6490
419.1912
412.0448
431.7354
445.9215
430.1315
423.6365
428.0204
429.8876
404.6169
404.7462
435.3317
432.7452
422.7847
417.4042
435.5099
412.2910
425.6213
417.4481
410.5708
405.4274
424.2286
424.9964
415.6651
407.3091
423.3554
415.8934
414.8712
422.3673
417.0650
430.5604
439.8232
416.9011
452.2337
440.1253
443.5744
410.5729
425.3357
433.8925
425.6908
428.0414
410.3690
430.6974
433.9679
433.3382
412.0940
419.0578
411.0476
414.0743
429.3434
441.1301
413.5998
432.3927
426.0298
428.9622
432.1583
421.9238
424.2002
428.8766
407.6885
417.6049
423.3198
405.6746
431.0338
421.8808
414.3486
411.4366
417.8750
422.0487
426.3210
435.6198
435.2895
404.3510
421.6100
407.3615
419.0810
407.2416
419.2929
436.1712
429.9029
414.6135
424.4638
421.1099
433.7507
415.3565
428.7749
413.5630
418.7804
426.2838
422.9705
428.5077
401.0217
410.0790
446.8843
434.9418
414.7161
432.0794
428.1224
445.5543
426.7973
416.8221
416.6168
413.3870
415.3865
429.7829
408.9363
410.3601
433.9605
429.6304
411.2871
396.1432
427.2918
414.4379
423.1043
425.2167
419.5721
430.4871
419.8670
417.4771
430.1538
426.9701
421.5416
430.4605
439.3478
409.1728
419.6481
424.6059
416.0866
412.5370
427.6562
396.8648
408.0197
425.7204
392.9465
395.1366
412.1106
412.6362
412.2788
412.3246
426.0821
436.6528
414.6302
402.5398
417.7263
425.4139
422.1249
411.9637
431.1303
423.8956
418.3786
430.9377
406.2144
431.2328
421.6869
418.1738
416.2986
427.3544
432.3056
433.1397
420.6551
407.8718
424.4427
420.7988
423.9639
421.7094
425.4079
420.9646
426.2525
420.8551
422.6031
432.1168
421.4427
421.5471
419.9744
413.6013
410.8578
429.5809
429.3626
414.1934
411.1511
414.3106
411.9559
405.4174
419.9693
424.8646
422.4253
428.8087
444.9168
430.2412
430.9823
433.4415
419.5865
426.1780
420.1199
411.3017
425.8117
440.1214
419.6350
420.6022
436.5219
429.0710
424.5782
410.2785
421.8242
422.7066
418.4654
403.2086
408.4473
412.6886
408.6516
430.6854
422.6199
416.9961
418.1993
418.3198
428.3720
425.1053
414.4902
423.8020
425.0732
419.2113
419.9758
422.2652
418.9412
426.3498
444.2658
407.2839
430.8335
416.9714
427.1778
426.8873
428.1514
418.1028
422.0690
415.9159
410.5183
428.8749
419.0408
418.5038
413.4656
401.6946
432.6018
416.6320
428.9243
412.5865
406.0339
408.0284
423.5243
420.8623
432.9217
422.2808
406.8479
419.8555
435.6047
415.5782
396.8723
416.5193
408.3949
404.1560
426.4358
418.9198
422.9674
422.5151
416.0751
431.4353
426.5841
426.0587
402.1320
398.3275
394.0614
406.0070
420.4545
427.2883
423.4673
420.3120
425.7277
395.1103
424.5903
404.2540
408.6128
404.0597
413.4696
427.4216
424.9763
407.8750
421.8870
417.9008
430.3449
415.0589
399.5712
418.9209
416.0395
431.8904
423.0438
419.1591
422.9131
412.3653
397.5795
410.8134
408.4599
429.2371
432.7954
402.7188
415.9114
412.7625
418.3015
412.6978
426.1957
421.6364
434.3514
431.3025
428.7194
422.8732
420.3022
414.7412
415.7134
411.8877
410.8465
425.5881
416.0367
426.4386
440.4206
423.3467
416.0688
401.0700
392.8416
409.8422
397.0615
414.9514
404.0056
429.0340
424.3996
416.2073
429.4171
419.1232
418.3708
425.1078
403.4828
403.4313
410.7857
412.2944
407.9175
416.4009
428.4383
422.4463
429.7732
423.5052
425.7058
413.2715
427.3312
416.0405
411.5191
402.8211
405.2190
415.0189
405.8193
406.8786
421.1816
423.5266
435.2855
423.9741
400.3846
416.3662
417.1542
414.2029
415.7031
430.0121
428.7224
437.7593
430.7525
408.8703
417.7289
412.9066
411.4367
416.6968
407.3044
411.3842
429.4368
414.1812
416.4598
411.5303
422.9126
414.4572
426.6370
408.8951
422.6302
419.9056
418.6334
419.7666
418.8490
413.9542
419.5100
416.5290
408.3732
424.5199
422.1727
427.6420
422.9181
406.3491
409.6178
403.2464
416.9605
420.8208
426.5227
408.3023
407.4149
413.1923
414.2800
424.1482
418.7699
430.6025
420.5670
425.8205
421.8711
420.3306
419.8324
411.4887
427.8738
423.8748
422.4874
411.0337
408.5292
416.8623
424.1819
439.5302
414.4138
418.0940
408.1078
418.7875
419.7533
426.4993
424.4028
428.2716
429.1746
431.6059
425.4555
423.4795
408.2369
439.9535
437.7490
429.2337
425.1757
408.4426
421.1303
424.0330
421.7098
398.2114
418.1622
436.3625
423.3242
419.6379
415.7927
418.0872
404.0570
413.7493
406.2870
410.5531
419.6862
427.3711
435.6794
419.5760
426.4205
408.0973
421.7200
423.2929
406.7561
403.0804
412.9261
421.6112
425.9389
405.1182
412.9961
430.7574
442.9223
424.4331
418.6848
416.0041
434.7932
401.8608
422.2869
408.7826
422.9219
424.6551
423.9688
418.3383
417.1272
416.6633
426.4796
426.4052
422.7856
420.3126
426.1236
425.6827
435.7792
441.5583
430.5435
430.6939
432.0151
412.2446
416.7123
425.1196
417.5645
416.3740
422.4420
427.5836
439.3389
408.3496
427.8439
424.2888
408.8678
428.6989
400.4389
420.5097
394.0040
431.3921
410.7117
422.4713
436.8213
409.8404
423.5672
410.7728
425.2000
416.8791
411.7485
418.0902
424.4375
409.3640
426.8510
417.4785
419.4429
414.8154
428.0753
413.5767
427.3657
421.3806
432.7086
409.6970
429.9644
412.1002
428.1682
416.4828
410.8460
409.1257
394.1591
421.9715
413.5034
402.9346
398.3018
410.2742
423.5701
402.8282
417.6733
418.2227
424.4183
417.1075
435.5998
426.8352
412.2845
419.4823
416.6157
419.5236
427.9892
436.8886
419.3999
433.6521
420.2128
416.1168
425.4116
427.8338
423.4569
414.7643
413.9277
440.0811
423.0710
410.3185
413.5261
406.3295
431.4061
435.9459
436.5293
423.7597
411.1209
406.8761
426.0598
421.1088
428.7412
417.9232
438.5593
425.3611
413.8046
414.6475
425.1657
409.4735
425.5783
427.8343
411.8210
403.1064
393.5129
425.5157
421.2024
434.5560
413.6969
428.0527
415.2893
420.0712
407.1560
423.8584
408.6636
423.6255
425.1179
407.3359
411.3816
412.8449
425.4554
433.3796
431.8509
434.7324
439.6189
431.4129
417.5580
429.6753
411.9086
404.0238
406.6115
407.4837
414.5814
433.1081
406.8892
416.8537
416.1367
422.2532
416.6831
418.1498
428.4590
441.7192
413.0162
391.9368
404.3266
419.4240
413.5949
419.6252
396.5107
411.7205
423.7470
417.3425
430.1050
424.4359
415.6831
426.3475
413.6480
414.8093
422.6897
417.4662
414.7511
420.7146
416.0498
429.1723
419.0528
391.5807
409.6436
416.8954
414.4104
426.7783
420.2695
416.2343
428.0660
430.1798
416.8939
425.4440
436.7949
416.8835
427.8150
415.1448
404.4957
408.2587
417.2958
438.0319
421.2200
438.3536
428.1388
428.7925
426.2491
411.7114
418.6262
423.2426
413.5618
420.6809
418.8035
407.3353
428.8032
421.1460
409.9939
427.4164
429.7123
414.0421
424.7304
425.8241
417.7443
419.6609
416.2762
432.7243
435.5096
430.9275
410.6290
404.4535
411.2688
424.7829
410.8375
436.3533
410.6305
409.1291
423.7107
417.2970
419.5832
414.2469
429.2464
426.3654
423.9894
441.1191
435.2233
415.3884
424.0161
425.9514
412.1766
412.1303
425.6684
437.9606
419.3556
410.7592
419.1267
392.9717
418.6798
411.2194
418.1453
412.3212
416.2450
412.1085
428.8056
421.4442
436.5512
434.7143
424.9667
419.9821
433.9503
411.9684
421.5732
413.9956
401.2661
419.8769
423.4910
432.0305
409.6074
418.0464
399.0406
432.4117
416.5005
432.0825
415.8902
413.0707
404.2527
409.2035
418.6653
407.9815
422.4832
407.9176
428.6778
418.0968
436.2844
411.8619
423.7564
420.5921
407.8430
408.4232
397.3085
408.1466
423.9878
404.3534
390.8337
398.8839
406.2235
421.5912
431.9389
430.6287
413.0945
414.9414
431.6821
412.3492
421.0130
426.3223
428.7052
414.6315
413.0843
415.8877
428.1063
425.4379
420.3943
416.4272
422.6398
414.2781
422.7865
407.7445
419.6123
421.8371
423.6779
423.5719
425.9466
429.3525
407.2038
416.2040
416.4832
411.8368
427.9575
424.3769
419.4759
429.8561
442.1903
418.1955
395.3562
413.8620
410.1286
425.7234
427.6517
421.1352
385.9047
417.0366
409.3895
426.3350
429.0136
413.5032
428.3072
421.7043
426.3152
418.1283
427.2712
411.5290
416.2453
428.4149
440.0346
426.7307
408.2409
433.2312
422.1105
408.1586
424.0213
422.1863
422.1360
409.1078
429.4329
407.3300
424.0620
423.0121
412.7538
424.5448
433.1167
419.6273
412.1830
401.3159
414.1415
426.8197
429.6568
418.9778
428.0697
434.8939
416.1138
438.7494
425.9560
419.5055
433.2201
422.5247
428.4564
411.0395
416.0346
422.8207
430.8978
422.1484
420.8299
422.3182
426.4852
422.1037
434.8130
411.9706
415.7290
420.1381
404.9348
421.7847
418.6707
419.7540
415.8816
431.2199
409.8744
431.0092
405.8616
420.7967
429.3956
401.4320
400.1862
412.2735
431.3723
410.3625
406.7392
412.2691
415.9353
397.5600
424.0599
444.0745
422.9256
408.5109
421.3010
419.5678
425.9899
434.0154
417.8960
435.0693
428.2818
451.9585
418.7989
418.4362
420.1396
417.2902
396.4362
435.0170
414.1475
419.1722
393.4152
415.1925
415.4733
417.7574
406.9287
392.6261
437.7121
404.2707
433.8718
395.9642
422.5225
413.4216
409.0991
407.2885
416.9126
408.9527
415.3143
432.8704
425.9558
427.4380
424.0707
419.8356
430.1621
443.2496
423.5231
416.6970
405.2898
413.4760
421.1165
426.1568
391.0962
431.3643
421.3282
392.3251
409.9812
434.3353
410.9093
423.2995
418.3645
418.5697
411.1484
427.7075
423.5211
434.0935
440.7266
428.4184
416.4783
414.8305
427.6771
427.0523
425.6643
411.3024
421.3345
420.7106
427.7234
420.9076
435.2978
414.4081
410.1136
406.8257
429.0636
420.1821
398.3556
422.1040
433.9729
413.5712
422.7537
421.1321
430.9917
412.3904
422.3799
430.5605
427.1374
430.9099
420.5356
421.2498
419.8229
422.9034
416.8408
403.4252
403.6082
424.0109
431.5049
441.6677
409.8432
421.8686
408.0929
423.5455
428.9850
414.3944
416.8885
392.8043
426.8910
426.1671
416.5881
416.6153
429.2576
429.8079
434.9129
421.2042
423.7942
410.9077
426.1445
424.5329
406.5688
402.5702
423.4529
416.0746
425.4824
429.6715
419.7040
408.4226
404.9365
425.3647
409.6633
414.6764
432.3292
426.5363
427.1566
431.7929
431.3248
416.9693
434.6078
432.9704
427.4301
437.2790
426.0409
423.4502
422.1577
409.0132
427.3162
414.8523
413.4177
395.0516
432.8380
441.7468
415.6498
418.8562
420.5139
424.2874
421.3599
410.7287
418.4890
415.9787
424.7007
428.2045
420.2577
423.4090
439.5976
400.9694
431.4666
424.4771
433.7676
413.3064
409.8080
418.1474
423.7559
409.5908
445.5257
405.3352
420.7401
420.7724
410.5733
423.7777
431.8646
425.7154
430.2004
425.6847
429.9882
424.3730
428.4197
413.1218
419.3712
424.6129
420.1526
408.8713
421.3640
418.5600
424.2216
422.0932
419.2920
418.8348
406.0598
420.2851
429.6400
420.4843
417.4790
408.8523
425.5485
434.9251
426.3762
434.9507
415.9909
407.1587
429.6411
423.0026
425.9328
433.9124
421.5715
440.6915
428.6506
430.9733
429.1601
422.1029
419.2356
401.6428
406.4085
437.6086
417.7426
409.6761
417.5284
417.8858
400.7722
399.4812
404.2491
413.7806
432.4609
423.3872
418.7593
416.4297
412.1823
403.1294
401.3030
425.9212
422.9015
403.7166
418.0849
412.2907
410.0659
416.5435
419.6734
414.0977
407.7791
402.9631
411.0207
400.4184
398.9209
433.1738
433.3535
423.7108
411.6730
413.7849
425.1795
421.6492
413.9238
396.9670
416.8975
408.0421
420.6622
442.5223
436.5979
439.2691
420.7016
423.6803
412.5733
398.4814
403.2804
420.0352
410.5936
411.4019
431.5252
405.1241
421.1484
429.4453
438.0128
416.6846
414.8886
420.6925
425.5989
415.4057
406.8550
423.5208
411.1396
399.5946
411.5082
403.9636
403.3251
423.3234
426.5159
431.1441
409.3208
423.1682
420.3185
412.5870
406.8980
413.8635
418.9058
421.4026
416.1404
415.5409
413.9729
423.7667
423.0115
392.9873
414.6301
417.7811
410.4293
402.1933
414.9246
412.8463
416.3975
439.0020
424.4309
414.2082
420.7275
430.7081
436.6999
415.7397
430.3026
434.9594
412.0583
396.8293
405.1679
416.2493
404.6013
434.5404
422.1222
420.7893
416.4770
409.6689
431.9261
421.1832
427.8058
424.1992
405.5128
414.6733
424.7148
419.0711
418.5437
403.6774
410.3067
425.8625
441.3816
416.6300
415.5131
411.0564
425.8584
429.0789
437.2314
425.5850
415.9209
431.9549
416.7132
412.8702
394.4930
420.1736
412.6218
411.6567
409.8216
406.9889
425.4783
428.4313
427.4622
430.6740
392.9579
401.6154
405.8283
416.7420
416.4719
420.5511
414.8541
424.3302
409.4866
420.1223
427.4757
417.0705
404.7840
403.1418
404.3187
396.5244
410.5620
417.1877
423.0239
395.3778
385.8565
413.3712
412.5318
400.7793
413.6395
414.2421
413.4842
409.5082
435.0215
407.1031
435.1147
409.1566
420.5504
429.1024
418.6385
425.3914
420.6172
412.6135
415.6294
404.7685
416.9328
417.9783
429.0224
408.1011
410.3203
403.2669
404.7415
426.7362
408.0997
401.2225
414.6917
398.6725
429.0662
427.4356
406.1076
402.3314
426.4128
422.0762
408.9351
428.3811
419.0641
423.5016
404.8593
425.5122
409.7402
406.7437
413.0910
415.0832
405.9343
416.2001
431.5383
434.7794
410.8425
422.4681
385.1338
411.4583
425.4817
417.7642
420.1866
411.5709
414.5066
426.5849
431.9456
423.4669
397.9976
445.4006
414.8895
414.8228
405.9459
417.4156
423.1599
404.8793
415.2533
409.7405
413.1701
427.5764
424.1688
416.4957
422.1275
428.7671
403.8279
403.9593
420.5742
429.2657
422.4991
417.4952
420.9304
424.2012
412.6298
420.4364
416.6072
404.2914
412.8462
415.9511
421.4736
420.8362
421.2386
442.2723
414.3582
429.3385
429.7666
432.2267
426.2396
419.6599
409.1428
425.2537
433.6152
408.9605
405.2873
437.4991
417.6976
410.4002
413.2851
431.6601
431.4141
435.0993
444.9993
428.8585
427.1307
404.6264
431.2146
420.8519
425.8291
415.4645
413.9756
424.1583
400.5273
423.0525
418.3798
432.7446
438.0271
423.7385
434.2863
425.7980
421.1856
398.6366
441.9553
416.9532
444.3422
406.9983
413.7540
401.3989
421.9790
403.8531
421.4870
412.6222
426.6971
409.6255
424.2017
411.8604
428.5585
414.4938
428.2406
404.9495
420.8318
413.2837
414.0627
412.7495
403.5583
417.2335
393.2569
431.8228
429.6892
422.2669
417.7807
416.8553
417.2849
439.5181
421.1251
418.4083
419.6655
436.2268
425.5888
415.2062
414.2652
435.9426
412.2016
413.9134
417.2128
422.1407
421.3478
417.9882
422.4869
420.4313
395.9584
402.0582
420.9998
411.2386
425.3385
419.8661
407.4361
409.4176
414.9734
422.2673
411.2602
404.6943
410.6289
414.1178
428.3516
426.4105
425.6199
413.3021
419.7439
421.3465
431.4114
420.0685
424.7939
435.6133
422.2699
405.2920
407.3184
412.9973
434.5893
427.7909
400.1914
424.2761
422.4729
424.0733
434.3735
432.8888
416.7475
407.5575
409.4193
414.3057
431.0615
396.5955
412.2418
441.7308
427.4935
413.1939
412.6698
421.9666
409.9063
433.4775
413.8334
411.1980
425.4172
424.6913
428.3541
396.7565
407.3563
421.8781
413.0606
423.9453
391.6584
419.6338
441.4790
400.7013
435.0901
420.1692
406.5726
417.0504
395.0453
425.2609
425.2006
434.1061
425.6065
411.6293
402.1842
414.2924
435.5135
411.2694
417.8639
422.4259
439.6295
420.9671
425.5084
416.5464
412.5636
424.4415
420.2404
411.4174
414.1674
436.4853
431.6587
415.1383
407.3941
433.6960
408.6360
426.5020
424.7289
426.2438
417.6289
419.0774
420.8889
403.5454
421.1886
408.5656
409.5738
417.5434
412.0481
447.4013
417.3106
427.2544
425.9275
434.6142
406.3661
419.1060
413.4041
434.9424
420.5141
420.9263
427.7941
439.9296
422.4819
411.8870
425.6628
415.8648
425.1007
433.9280
419.7148
401.6450
424.1505
424.4921
424.2003
419.4657
432.2671
440.1191
426.7676
410.3982
387.8595
411.9455
423.3799
434.6271
425.1763
418.8698
411.9922
417.3857
417.2190
411.5631
428.0866
394.2207
402.3825
406.4655
417.4416
410.2281
425.2521
418.5103
415.6395
443.4762
418.6405
394.8171
405.1064
412.7982
409.3941
417.3375
421.0928
419.2901
436.2638
427.6190
418.1554
423.3941
427.7274
424.6733
423.5475
416.8238
412.4376
418.1660
425.7713
424.6055
424.6898
412.8564
411.3374
424.0553
420.9085
419.7949
421.3739
410.1277
411.8371
420.5786
424.5087
416.3731
419.3371
417.1820
429.2042
422.7882
410.2290
432.6968
422.0746
408.1318
426.1155
423.0882
416.6171
421.8245
415.6404
423.3412
424.7815
421.0556
429.4982
428.6043
426.7557
415.3234
416.1136
424.4695
431.5411
414.5961
433.9055
414.1119
425.4123
444.7202
422.8284
409.7738
414.7782
433.1894
404.7725
423.9221
414.2551
393.5737
400.1636
423.4334
425.4946
430.4685
420.6507
422.0045
428.1486
418.7372
403.6463
424.7664
407.7539
424.6229
428.1212
416.0181
423.5149
436.7077
415.8804
430.2215
409.2630
417.7167
423.5536
408.8869
418.2357
400.2364
420.1454
420.2325
416.9905
391.7755
410.1341
396.5896
421.7292
417.2331
441.5369
422.4365
418.2549
402.5002
419.7834
420.7953
406.9692
427.8145
410.3721
427.2915
398.4036
431.7420
415.5847
430.0865
423.7007
409.9593
420.1670
408.1682
422.5443
420.2447
418.9455
405.3667
401.5587
402.4809
419.3902
412.2275
429.3569
424.3273
412.1124
428.0679
417.3816
402.4313
414.2787
410.6566
422.1335
393.5578
413.2517
426.4001
416.3067
433.1336
429.0994
430.7508
416.1789
426.7145
429.1477
413.5147
419.8789
427.7689
412.2040
412.7213
419.8732
421.6394
414.5560
432.4501
419.0799
423.4685
414.6113
425.5071
424.3325
419.5402
428.2847
409.7222
408.3035
425.5663
407.9088
408.4740
420.7096
409.5445
440.4257
424.5236
410.1742
396.1560
408.8854
414.8914
407.0482
419.3151
410.2774
416.4177
412.3547
413.0380
418.7685
415.0908
419.9188
428.8972
424.7667
439.5980
424.8642
414.8323
416.2983
415.4065
402.5883
417.8089
419.4224
430.3737
408.0829
418.8445
421.9360
448.1319
432.6021
427.4561
428.7484
415.3011
399.5282
408.2541
427.6226
435.0815
409.7610
422.1365
423.5681
410.2216
420.4889
418.6420
410.2395
414.5179
406.0293
434.4746
420.1019
424.2303
418.2284
428.8220
423.6294
409.8688
416.4434
420.5470
406.0471
407.3032
421.6911
417.1219
407.3721
417.9271
409.5422
417.6955
413.2091
423.0620
419.0106
418.0823
425.0515
416.3931
415.2417
413.6412
416.1635
437.1593
437.4081
398.2625
410.1995
398.7562
411.1575
428.8297
432.9260
436.5791
426.4307
429.3056
422.8003
430.9018
419.5756
419.0076
419.8869
417.3062
413.1561
412.8892
409.7264
424.5667
413.2948
405.4809
416.6291
401.9057
428.5264
430.8953
431.7435
431.1562
413.5658
432.0545
430.6132
437.0501
419.9963
423.3188
407.2575
426.5184
403.3592
406.5372
409.5018
423.9482
423.9675
420.4778
415.9288
393.4876
411.8056
412.1725
409.1597
409.7437
397.6160
436.0961
420.7463
420.6916
418.0740
415.2030
417.3122
428.0724
417.4262
424.6516
415.8717
414.8100
417.9997
414.3400
421.0583
418.7839
416.5042
444.3772
424.8729
427.0532
418.7109
414.1594
406.4881
409.5523
406.3634
421.5723
435.8686
426.6923
416.1830
421.1631
433.9760
417.0414
424.7086
431.4398
428.5788
406.9669
402.5408
405.9090
420.1329
416.2440
418.3107
426.3078
417.7264
427.4129
426.1840
423.5830
410.8402
409.1388
426.4364
427.9728
419.5204
396.7075
421.5389
428.5337
406.9064
418.9611
434.2432
426.4323
430.4525
414.0023
423.2585
415.5221
409.5694
423.1364
417.2213
409.0261
416.3593
421.9910
422.3501
400.1413
397.6284
412.0139
419.8319
416.2025
416.1380
412.3858
416.2328
418.9639
418.7853
423.5963
400.0196
411.3128
408.9670
426.8320
426.3863
415.7487
428.5753
434.6142
421.1938
417.9336
407.8787
403.3267
406.3276
392.4848
426.8038
428.1152
407.2745
410.5364
417.3662
428.0481
417.4245
412.3737
425.5457
422.0275
406.2194
421.1158
431.5943
428.5757
429.5537
429.6892
421.7220
419.6824
429.8294
429.3986
400.5664
427.6753
417.2090
403.5225
398.6678
402.5156
406.5470
427.4154
411.6107
401.4086
431.3208
422.6136
423.9151
410.2556
411.0444
413.3975
420.1877
406.7344
440.7299
406.7487
417.9957
418.7434
408.1534
393.9517
406.2368
430.5892
415.2862
432.0905
423.5763
413.8767
410.5616
426.3989
402.0917
425.9750
423.1633
406.9543
412.3254
405.9235
436.5597
435.8607
413.6757
413.2302
393.5883
421.6267
427.6436
420.5893
416.4601
415.3728
420.2239
438.6381
396.6704
426.7336
411.2379
421.7213
441.8394
409.7227
414.4615
426.1689
422.0018
412.0999
412.0195
408.2933
422.8930
408.8845
427.7546
417.6459
422.7375
416.4937
435.4263
429.9372
421.6301
408.7549
424.2029
406.9737
418.4995
424.3607
399.0787
402.8310
415.0790
415.1335
438.4297
410.5609
404.0000
428.1606
424.2973
409.0052
418.1436
396.6938
430.3766
413.7332
404.0982
413.3694
425.8080
421.7410
427.0712
421.3438
409.5599
422.6095
404.8565
420.7340
430.9016
428.3857
413.4834
424.2828
427.4974
432.0240
422.9047
426.4885
423.7893
430.5399
439.9072
401.9722
424.2160
434.6438
424.3944
428.3201
425.8213
416.1938
425.0851
414.4271
436.4232
407.9133
431.6803
398.8021
434.5977
420.6686
432.1003
413.1957
416.6147
424.8572
421.2349
414.8934
434.0085
434.7047
421.3870
441.7890
407.8303
408.9262
410.3882
403.7789
412.0487
426.0800
437.3028
432.3135
446.4050
411.0309
421.4425
408.4994
414.5271
417.5433
436.9950
429.2283
404.6829
406.8404
436.1860
428.7212
412.5135
412.3845
414.4963
430.3742
424.4898
412.0779
413.0124
433.2811
411.3632
416.3653
411.9065
418.9054
421.3108
409.4233
407.6126
406.3247
412.5234
394.3904
404.9009
414.6638
400.9286
418.1921
414.1072
425.4785
416.1243
436.7997
436.5109
426.8606
412.2820
433.1100
418.1509
413.6648
411.4822
431.7802
413.1330
415.4434
432.6608
425.0075
416.4710
409.7633
449.6241
426.1433
410.1837
421.5260
426.1250
397.0844
387.2605
431.7596
413.0705
411.9115
423.2604
428.6318
411.0206
417.2300
412.9950
404.7892
430.7420
410.5968
430.4353
428.3280
414.8933
413.2979
423.9819
427.6966
426.6050
424.3631
422.0984
416.5646
427.2604
405.0012
434.5612
408.4565
417.0411
431.6625
421.8817
409.9639
434.6649
410.2604
427.7563
403.3358
419.9190
417.1621
412.2429
407.6407
415.4280
397.1165
425.9951
417.8799
425.9621
413.0740
424.3027
419.1857
421.2216
420.7409
439.0737
424.1904
391.1351
419.9167
431.1925
419.6175
403.5841
409.2414
420.7990
437.3245
426.7774
426.5918
421.6555
432.2156
410.2138
407.4338
427.9526
417.6912
426.9465
424.1830
430.4645
389.5124
421.7641
423.2264
433.0662
428.4057
404.6686
420.0369
420.0441
407.6145
403.3642
417.6568
416.6595
429.3225
417.4467
431.1247
412.3369
417.4227
412.9913
413.0414
420.2056
426.0794
421.9582
423.9586
418.4214
411.8415
399.7084
441.9934
428.9787
409.8098
422.0542
429.1594
394.4549
401.1803
422.6423
433.3303
418.1795
414.4044
419.7904
398.5226
414.1405
423.2894
424.7404
406.4373
404.4890
423.3555
428.7173
430.6637
428.3839
417.7501
414.5840
410.6379
409.2941
418.2593
430.3441
405.8587
403.8529
412.0595
417.0614
430.3260
424.8190
431.2214
411.8243
408.8753
436.7032
422.7186
403.6133
434.9978
418.1108
406.0269
412.0683
427.5722
408.5378
428.6466
417.9400
419.3555
437.9899
441.1031
430.8078
420.3626
421.5857
416.5336
434.3048
426.5214
431.3099
411.2115
407.7161
420.6768
429.3376
429.1390
424.4862
436.7719
438.9857
418.3531
416.4768
402.1702
421.2754
412.4357
394.5622
410.3047
430.5805
434.3500
426.4653
420.4773
424.7854
412.9443
437.9840
410.8418
399.2205
420.7154
437.6077
426.1554
431.3071
421.3226
412.9652
430.6991
413.3036
413.5041
433.1305
414.4638
414.6257
407.4723
397.9300
405.2735
432.8361
410.4448
418.2001
432.4185
421.3849
419.7076
425.1705
417.1975
417.9783
412.2363
434.6854
411.3720
419.3457
429.2961
423.4291
432.0337
403.4134
408.3388
404.9184
410.8914
416.8060
425.6696
422.7568
427.6941
418.6176
421.2604
404.9809
435.3866
429.8520
426.1936
414.7959
413.4570
434.9165
409.6071
402.8413
412.9650
416.2705
424.1924
415.8857
425.3054
418.8691
423.0659
425.4135
434.2952
424.9783
406.0128
430.0177
392.0994
408.5367
429.8955
412.5644
418.6097
427.5337
416.8716
422.1961
424.4805
435.1053
425.3453
425.8219
404.4409
414.7840
425.1785
428.6385
401.9039
418.2757
384.8461
415.0976
417.3442
413.9829
414.4455
425.5046
415.4219
412.7660
400.7745
415.0838
413.9855
429.6859
420.9908
425.4941
427.6684
417.6212
438.2951
405.8699
402.9769
417.8584
414.0763
414.4185
424.2496
424.5797
433.5983
415.6434
406.7416
424.3900
411.0888
414.9334
426.3215
417.8258
420.9334
407.3585
414.8200
407.5438
392.0441
405.8537
416.8489
418.1225
423.5471
424.9238
418.5208
415.2989
404.3453
434.7654
421.6961
431.2724
415.0601
425.5789
415.0737
410.0217
408.4483
414.3292
414.7494
412.7750
412.9776
432.8391
403.0255
431.1965
431.3190
414.6510
431.0526
417.7828
400.5382
412.8350
416.4806
423.6349
417.1633
403.3343
407.7312
430.1690
416.3056
431.2751
404.5061
409.8137
406.1677
420.2712
426.2665
403.4851
426.7858
422.2232
416.5527
428.8649
440.1491
424.5295
429.0123
428.6928
410.4013
428.3450
406.8591
414.3522
403.1167
396.3594
411.3205
427.0501
416.7709
420.3634
413.4513
427.6481
422.5420
416.3394
426.3349
416.9760
399.1140
390.9537
404.6339
423.2557
410.8446
397.8934
406.2849
423.3421
404.1760
413.2492
427.7875
451.0362
442.3421
435.2096
416.1081
426.2713
413.0099
407.1566
421.8431
430.3831
414.7425
427.2094
429.3191
427.2974
424.0670
404.4944
394.3932
406.4980
429.5189
432.5425
442.6586
431.6103
419.4467
407.8683
432.6887
434.9872
415.9574
427.3107
426.4912
412.7333
428.6264
430.8048
427.4528
412.6665
419.0948
405.3157
425.7728
443.9404
427.0588
419.9678
406.4887
428.2356
419.5521
406.1812
406.2952
424.8258
431.3933
415.8479
428.5655
406.6442
419.1606
407.8703
420.6173
428.2844
418.7509
430.2332
441.3094
434.8718
426.9587
412.5838
400.4631
414.9186
437.0580
433.9533
437.3088
437.2379
429.1570
422.4310
415.4702
420.4111
430.3788
409.4474
430.9949
425.5304
416.8933
415.4659
411.2801
406.2296
436.6845
438.0216
422.4752
420.2750
420.2152
427.3952
414.0385
413.3484
437.0277
411.4520
415.9237
422.6051
428.7092
442.0440
410.0113
434.7011
421.7634
423.0940
409.1741
425.4610
407.5504
419.5483
441.1443
414.4386
421.2099
430.7750
424.4699
435.7399
411.9852
423.5262
424.5379
433.0365
406.5175
431.7858
427.5814
413.1291
433.8686
406.2895
428.8863
412.4716
412.7595
411.4459
422.0376
411.5536
423.4818
392.1701
418.1418
411.3541
427.9007
426.5423
421.3051
421.7182
420.8902
428.7425
424.5230
433.5211
396.2123
428.2166
435.8016
408.4725
423.9900
421.5782
420.0982
417.9246
429.8960
425.3709
409.8354
404.2391
423.6746
414.2919
444.7812
426.8058
410.6032
424.0490
430.1056
408.7157
416.2083
426.0377
416.9980
435.5855
420.7468
419.9981
440.1859
415.0564
391.3819
426.7087
421.5634
437.7456
416.8192
428.0437
407.6112
439.3620
411.0523
424.9491
401.3220
416.6235
409.6346
408.2439
438.5012
434.2947
435.7893
419.9734
414.6573
404.1788
391.6205
423.9058
422.0136
425.1517
424.7143
425.3296
420.5918
419.2045
423.1491
413.8620
412.0030
416.7681
428.5580
429.1660
410.1409
389.5211
423.7774
428.6743
403.3784
434.3117
411.8429
436.9191
434.2105
411.9094
403.1035
423.0338
420.9375
415.4465
403.2171
415.7600
400.0190
408.8880
413.2465
410.3029
430.1013
411.5813
421.1648
411.7960
420.7395
419.3230
423.9039
423.7069
441.1714
432.6378
437.0478
411.4731
412.2215
414.0827
427.2123
410.2059
420.0883
408.5377
418.9819
419.4159
402.2444
413.2481
422.9784
412.8422
413.4932
419.8814
426.0552
415.2463
410.7647
408.9529
386.4226
401.2105
413.9265
405.9188
426.6310
403.8415
401.8439
418.8683
414.4576
402.9881
420.0780
414.6848
417.7122
427.2005
404.2561
417.4425
417.4287
419.2238
411.7328
420.4864
425.8223
415.3548
398.8623
404.3781
414.4557
422.5348
410.7629
414.9048
424.5935
431.6325
429.4325
427.3383
411.5296
432.4572
410.6662
396.7161
417.4594
434.6207
434.2392
420.6286
411.5183
414.9779
437.8392
410.6216
414.2511
421.1994
406.7018
406.7497
429.4553
404.9617
421.2594
418.5566
418.4963
413.3555
430.8013
408.4049
409.2990
400.5662
423.0473
430.7619
427.2011
425.8161
429.2336
415.1483
428.2132
418.5713
423.7526
411.4569
426.7222
424.5231
430.2649
406.8530
427.5173
405.7102
406.1819
418.0079
427.9430
417.7377
417.0864
423.7375
435.7540
425.7993
411.2028
427.7425
414.9994
405.1658
418.5100
420.6576
429.0639
399.3941
418.3457
408.4769
427.5183
430.7818
412.1316
419.7765
427.0006
413.8822
436.0235
415.7792
417.2415
440.4049
417.0582
429.0195
419.4076
428.4517
396.2450
415.7008
423.0611
435.0544
443.9138
417.3484
430.6867
403.0782
409.6213
424.0798
410.1621
432.8674
411.6489
412.9612
396.7240
411.2972
415.2450
431.5687
419.4470
418.0749
410.4455
430.4071
417.8459
413.2228
427.5435
431.2603
429.1578
415.5275
417.5313
406.5244
406.1679
402.0359
424.6543
421.3543
431.6913
423.9132
429.2472
426.6074
440.2471
417.7110
424.6778
413.4428
420.1402
416.4659
439.6663
436.5328
443.7688
432.8468
413.6993
429.6697
409.0253
420.8686
399.9099
420.9003
423.4219
433.8036
422.7887
395.9846
399.6306
410.0902
412.6904
427.2451
428.6973
423.4795
413.9617
412.7709
404.6418
438.6143
429.3296
427.0887
426.1163
420.9197
412.3058
396.8387
395.2836
430.7322
428.2437
419.6974
429.6377
414.4273
422.7999
417.9866
397.3731
413.9920
429.3487
442.3620
408.6788
407.6590
407.6526
413.8777
422.2251
410.2572
411.3728
415.7725
419.5960
422.9632
410.6858
416.5912
429.0618
403.5967
425.8186
412.0591
430.4996
429.3730
429.7062
417.7938
432.5984
425.6790
423.5142
420.8404
412.0581
424.0641
409.7264
408.5208
428.3021
437.9797
432.4609
414.6835
434.1273
421.6557
423.1513
408.8567
427.6914
390.0709
433.1526
424.6150
429.2706
396.2234
428.5613
436.2944
415.0799
431.1241
426.2921
422.8189
414.6722
425.0927
435.9049
425.4085
434.2185
435.5763
429.9179
439.0900
423.6361
421.3365
409.9019
414.5029
405.6004
409.6771
421.8714
414.6068
424.2106
420.3574
393.6304
422.6503
429.0629
411.9971
432.8525
405.5421
402.5980
420.1078
417.4913
420.5617
419.4489
421.1307
400.3847
421.3708
431.8032
415.1981
423.2119
429.4446
414.9704
424.9226
420.1385
408.6540
392.5690
416.6804
428.2537
430.1635
447.7392
434.4247
431.1991
413.8779
426.5674
420.6318
412.0791
409.3765
419.3046
433.5276
407.4383
420.7933
429.2836
420.6229
414.7142
432.4536
408.2017
403.1401
416.2165
438.7194
422.0598
401.8748
426.1390
417.1322
410.4541
417.2693
412.1179
416.1106
432.0575
417.2575
417.3774
401.9722
398.3505
426.2683
422.6318
439.3183
436.5484
435.9754
416.7097
411.9129
419.2762
402.9626
424.9776
404.9529
417.1318
428.2914
425.7059
427.5063
410.1320
418.0718
423.4180
431.6461
429.2262
418.1221
429.2208
420.6930
430.0130
412.7671
424.3669
415.2730
440.0204
402.1835
423.2932
437.3687
418.1691
435.4735
430.2974
422.5751
390.3194
422.8097
408.9107
431.7592
423.8832
419.0834
425.4200
430.6600
418.1201
425.7474
409.0355
424.8347
428.0941
428.6010
410.5855
417.2407
408.5783
436.2634
412.9108
412.9759
407.3938
418.8827
404.2702
408.2523
404.6124
430.9752
441.7355
404.7127
411.4806
417.8768
433.5445
429.3893
429.1806
428.8304
433.4244
435.2103
420.8118
430.5426
399.5057
431.6085
429.0356
425.1451
425.5272
419.9574
426.3094
401.0702
406.6633
401.5610
425.4209
422.1057
425.6595
434.7842
433.5923
412.4915
441.3842
424.3439
423.3391
403.0313
406.7505
401.1537
423.6675
426.9148
423.6013
431.9525
423.8700
426.9392
435.2367
415.9003
422.8797
399.6701
390.0834
423.1834
417.4604
413.3507
411.7955
401.1048
424.8864
427.7357
412.9553
415.0418
411.2388
410.3544
425.5710
408.1257
394.6449
421.3938
409.6019
405.1092
402.3121
414.5192
434.5441
415.7852
400.5066
432.0409
417.2254
423.2963
415.4714
420.7782
426.0499
421.5899
407.8265
439.3445
422.3276
425.8484
437.8211
415.8445
424.4183
423.2713
424.1576
411.7777
410.9520
438.5224
402.2593
404.9919
419.8924
420.8253
417.8501
406.0245
428.7247
427.9501
420.7262
424.1150
409.3078
419.4449
429.2260
424.6525
419.4395
430.7581
423.0140
409.6161
423.0546
417.9030
409.0409
405.7667
420.6697
424.1133
437.1691
418.0104
439.6729
418.1660
427.1615
428.9518
419.4310
423.0841
423.9013
424.6227
410.4386
424.6931
418.2544
425.9057
431.6246
422.5569
409.9698
424.2576
436.8467
411.0776
420.0893
411.7096
416.6537
422.4305
424.9555
420.3696
424.6116
405.9278
420.7933
411.4040
395.1673
407.3028
407.6744
422.2845
414.0948
409.5670
414.6263
414.5023
433.0770
421.6700
418.7790
435.2133
426.8247
422.9155
427.1246
412.3875
415.4993
416.4005
419.3312
423.6409
424.4424
429.8330
437.0720
434.9742
434.4843
420.5613
421.9785
418.4509
410.4284
408.7618
424.6075
420.8608
433.5096
420.0000
417.7222
419.9883
409.4349
432.1428
416.0896
413.9415
413.0390
428.2319
406.7606
416.5292
404.8031
420.9805
418.9531
423.9908
417.4189
441.3835
427.5355
403.2256
407.4473
418.4623
416.7010
422.1536
439.2226
439.4776
420.0404
407.5136
417.1677
418.7156
420.2207
420.2309
425.7667
426.5914
435.9688
412.7839
416.0461
425.8810
404.0252
415.3154
423.6466
412.0382
429.8531
433.4983
419.5243
427.3239
430.3323
420.6043
418.5757
430.6464
441.5011
420.0696
412.3618
423.1029
411.7377
431.9621
421.2420
412.5952
419.4251
397.2583
405.3657
420.1235
418.3068
405.7311
438.0778
436.0288
437.1237
424.8377
431.5337
415.4545
417.1901
403.3278
410.7047
399.3495
421.5069
407.9716
412.1452
402.9219
429.5449
408.5415
423.6911
409.9601
408.2856
436.9203
420.0650
390.8567
398.5208
418.2894
416.9709
426.6948
403.6342
425.4012
408.6204
412.3461
419.0988
415.0538
398.9354
412.1129
400.2447
409.5944
410.2725
431.1494
420.3868
423.6089
432.1588
417.6526
428.9053
418.6674
398.2583
396.7564
428.4491
425.5682
414.3565
421.4772
419.7172
418.1070
423.0375
410.4104
398.8823
415.4664
416.1755
425.2846
439.0242
417.5732
426.1916
435.6824
436.9468
427.5469
417.8522
421.5277
418.5523
434.2127
410.6560
413.8323
404.8635
424.3783
416.2838
418.9677
404.6811
427.5336
424.1533
408.2763
408.7166
437.2856
424.5921
423.3676
425.9006
418.3166
428.2864
423.2469
415.1439
406.2780
437.1137
411.9635
427.7402
414.3385
414.0487
431.5184
431.3390
453.7258
432.0392
420.2794
423.2884
435.5693
426.5652
419.6174
408.3440
432.5743
434.1190
416.6761
405.4108
414.0692
415.6999
413.2992
427.6745
428.7525
434.5316
421.7188
434.4113
437.4701
430.7769
403.1366
429.3284
428.5257
412.7784
410.3200
410.3259
411.5229
425.6841
425.8132
423.3949
428.2646
420.9558
428.2840
432.9450
420.8690
405.2265
405.8706
431.8082
436.0374
425.2214
434.8862
425.8185
422.2928
429.4662
423.9740
423.9660
421.5325
425.3332
410.8195
420.8107
419.5792
408.3711
420.0728
426.6290
407.7420
412.4504
404.4947
427.8147
423.2234
414.2179
431.5843
415.9254
422.7273
418.1524
421.0563
411.2272
426.6014
421.5810
421.8927
421.0468
422.3141
425.8403
414.8554
430.8798
421.6145
425.2510
408.4779
424.9165
411.6380
424.1333
443.8021
415.4783
440.7563
441.9096
430.6581
421.1889
415.7686
412.3700
425.5271
431.5656
415.6478
430.4119
429.5744
428.5043
418.5037
415.8367
417.4930
401.0531
413.6368
423.0827
421.4086
430.0344
418.5933
419.1363
412.4008
431.0980
428.4538
423.0386
422.6001
423.4425
424.1137
414.0905
427.2587
423.5508
422.7176
432.2165
421.7025
420.9859
431.1416
420.3422
420.4182
428.1091
429.6655
416.6439
412.4220
410.3024
421.0485
424.6237
437.2695
411.4073
411.7509
422.4955
424.7869
430.7614
429.5843
427.5425
423.0599
405.8449
399.2558
413.2385
428.3129
399.0684
414.7043
421.4629
435.6471
413.1399
408.9884
416.7455
415.1837
425.7074
412.5893
436.2676
425.4841
430.2211
437.3842
408.1118
433.4920
421.8556
415.8927
416.7312
420.7214
408.7780
426.0143
434.4915
409.1742
406.9529
410.3231
441.0605
408.6081
428.7893
409.4002
403.5480
432.7972
417.3883
411.3113
402.9792
418.4396
416.7576
414.5497
428.3619
411.4276
414.2809
382.1139
429.6819
422.6869
414.2926
417.0289
406.7854
416.4865
437.7645
414.3750
410.6189
403.7836
434.8746
437.5489
401.9150
398.0813
421.7443
420.6302
434.6106
423.6991
424.4464
392.2997
426.1642
421.7587
391.5529
417.5530
402.1206
404.3786
432.3314
415.6503
397.1693
437.8493
424.7776
411.8241
418.3062
436.2271
428.8112
421.3709
433.6438
411.2334
412.1597
422.2868
418.6236
406.0292
416.0612
439.8190
416.2834
414.5303
422.4485
439.7215
422.6706
413.5945
404.2537
439.7488
420.7433
423.1789
416.7387
414.6838
429.4103
408.2061
404.4928
423.1656
436.3915
428.3688
422.0745
410.7556
429.2955
405.4816
417.7200
414.0583
432.5727
431.5247
430.6325
409.4254
403.6610
410.4798
422.8349
403.4823
401.5010
421.3792
435.2020
436.9637
441.2548
435.9035
415.6625
415.7818
414.5086
423.1372
430.2871
431.9607
427.8455
422.5450
414.7502
420.1631
423.0319
412.8670
424.2391
431.9912
445.5773
416.0258
401.0930
411.0580
422.4642
410.3711
435.1870
398.6414
418.7691
407.2018
411.7530
422.8928
424.7356
411.7853
410.7696
426.3244
424.6934
417.8523
443.1454
428.4801
441.1951
417.6951
414.5065
414.2559
427.4923
421.5473
398.1671
416.0728
410.6615
420.6294
414.8840
413.2991
414.1050
423.2327
422.9389
405.8277
413.2177
425.8183
431.4947
428.9143
406.8476
408.8790
408.8939
404.2655
425.1391
435.9331
418.0676
425.0593
432.9235
439.8957
423.1672
422.0093
425.0695
406.5399
429.4218
420.9893
407.6798
427.8664
428.9334
415.1524
420.5651
413.0761
426.6745
419.8088
439.0337
433.1949
417.1834
420.4395
424.1320
420.5957
418.4098
417.6799
430.2710
424.5375
423.6208
420.5648
432.4275
408.0815
427.9806
409.9670
421.5880
408.3914
408.1316
406.7362
410.9865
415.6246
427.6992
421.4295
445.8966
421.5001
417.0409
425.1341
416.2904
425.9203
397.6878
416.4140
404.7788
423.5857
411.3218
427.9703
410.2974
427.1097
429.1688
422.1486
399.7187
426.7517
426.5276
409.3540
422.4804
413.0709
421.9548
432.8809
420.1731
432.2071
423.5165
421.4057
417.3689
414.8114
428.8684
415.3898
426.2490
413.3428
434.9795
426.5003
428.5803
420.0940
404.0368
407.4356
410.6257
419.9919
409.1362
423.7160
429.9787
405.8370
426.2415
407.8184
431.1735
405.8628
420.6169
424.9983
421.6631
434.2459
441.1884
414.0893
424.7155
409.1761
433.0639
426.0231
428.5937
421.6457
416.1065
430.4642
422.5454
410.4331
409.8015
430.6823
393.8193
403.2314
433.3438
431.8713
415.9005
401.5752
418.9080
402.8887
379.4874
411.3998
423.8524
419.9045
431.8903
436.7571
424.7629
405.4264
396.4932
424.3009
423.0529
429.3958
425.5150
396.0332
414.8434
418.8214
420.0723
420.2087
407.2289
443.0293
414.8433
408.1752
398.9127
418.3319
422.1158
416.2415
416.3977
409.3732
413.8253
431.0818
421.7100
393.3142
431.2196
423.7436
420.9119
408.5841
402.6069
409.0513
424.0323
420.8309
416.8922
422.6095
399.5782
417.4204
418.8364
397.5290
434.4956
426.3801
429.2104
399.0593
414.7903
423.0092
423.4465
406.8837
418.9675
429.8365
434.0774
417.0640
435.3077
430.1018
425.2697
422.8781
413.8283
414.7401
419.2385
437.6765
421.4171
419.2863
431.6565
410.5935
430.3269
417.5794
436.0360
406.4546
414.2717
413.0321
424.3163
432.9500
416.6248
428.4425
409.3337
426.4254
424.5684
411.1050
429.6855
408.5690
401.7031
417.1017
417.4808
422.2238
428.3597
427.9078
425.2462
411.9400
414.9458
413.6802
403.9770
418.1936
421.1305
432.9625
436.6280
441.4858
397.1176
391.6384
400.5804
425.5037
431.8907
418.2566
404.1579
425.3550
420.6373
426.8069
410.9197
412.1854
407.3065
431.5222
423.9880
432.5990
430.2769
413.5904
401.3447
423.4402
445.4804
420.6930
415.2415
409.2493
436.5654
422.5619
420.0307
423.8829
420.6120
415.5867
427.4154
414.5764
428.3459
427.0158
419.4108
420.0033
416.7228
427.1241
426.6225
429.6267
420.0154
404.4998
410.2969
394.3757
418.3572
402.4114
405.4329
416.6013
442.2487
430.5997
435.7113
413.5537
433.0452
417.8334
403.9308
424.4306
406.6987
412.3371
416.8439
436.2898
423.2283
426.7587
404.5180
418.7629
434.4207
426.5193
428.9533
422.8101
420.8770
414.6024
431.3000
428.9812
427.2680
438.9720
432.4405
424.6551
414.1018
429.2715
425.3483
428.0190
432.6418
437.9402
416.3917
408.8205
430.2016
402.2879
408.2711
424.3756
441.4976
418.3377
409.4398
412.6206
414.5568
403.7500
400.0759
424.0213
432.2955
423.4134
420.0840
421.4460
427.7266
437.0406
400.0526
407.2873
430.4907
449.5746
431.7660
437.3655
430.5240
432.4023
414.3548
426.2513
425.5583
413.2768
412.5258
425.1563
414.9379
420.1602
439.7758
404.6447
425.6212
406.1709
383.2568
412.3119
422.6900
435.9332
419.5465
432.5430
415.3546
425.3087
393.4693
418.0547
422.0983
403.1636
414.9488
416.9095
410.1601
389.8902
409.9276
413.1188
425.8784
405.4158
429.3273
439.7140
433.8198
424.1663
426.2018
436.4678
411.5378
415.5669
422.9421
412.1449
435.7985
421.6005
404.9032
420.4182
416.9590
417.4186
416.4490
422.6035
400.6445
415.5765
421.3116
424.3341
423.3107
419.9575
408.0765
430.6529
420.2827
409.7392
428.0118
422.7530
420.8637
417.0380
416.4369
435.7858
417.3583
424.3595
415.5035
418.1088
423.7636
405.4285
429.6268
425.2632
412.3409
423.3813
418.0721
437.4185
412.6044
423.2205
412.7463
408.0297
408.7820
411.3594
411.0879
426.8134
431.0870
410.9195
432.6805
406.4303
419.9076
416.2576
422.1832
416.9807
411.9194
433.7683
416.3963
423.7353
425.5697
428.6091
422.9294
427.5417
431.8288
420.0373
410.0595
403.2744
424.8131
416.8763
423.2446
416.9910
423.4051
414.4225
404.0744
427.4388
415.2816
430.6198
446.2761
426.9266
424.4040
423.0917
424.3918
403.9027
414.8640
424.4986
430.7824
419.8726
413.4579
432.4933
432.9826
423.0835
417.2377
411.2769
439.6374
418.2402
435.2462
423.7202
404.7999
422.0327
422.8273
424.4565
416.8226
421.8980
422.9708
414.9541
426.3772
418.6657
433.9073
431.5553
426.5017
440.2887
435.6209
439.8602
419.0590
414.8581
421.4111
417.6037
406.7841
421.5565
435.6333
436.1886
407.6557
413.5184
406.3578
413.8759
430.6984
404.4857
432.1199
407.8772
417.4979
391.9546
405.0444
423.7201
431.8964
415.4862
397.5414
391.0265
411.3595
413.1425
414.1593
418.3118
424.8830
423.7431
414.3897
432.3017
418.5683
424.8319
418.8578
422.2050
417.5076
429.2442
408.2857
424.9751
403.2391
426.2258
423.9374
443.0054
419.6694
421.2979
406.3822
397.3590
409.6073
415.7755
407.1417
436.9674
420.6520
420.2114
424.6959
415.3030
414.7968
431.2605
423.2151
424.3249
433.7320
419.5917
423.3639
438.9774
407.0520
411.3488
435.3035
430.6722
418.4984
437.4863
420.3203
427.7380
410.5781
415.6065
431.6511
419.8339
409.8131
416.4899
414.5151
407.2481
426.9919
408.6386
423.6886
418.2554
410.2685
412.7964
404.9443
411.3786
411.0479
414.5413
433.6223
421.7213
427.7386
409.9376
429.8320
409.0129
427.7838
424.1035
428.4190
431.1186
438.6075
432.2152
440.6436
415.9888
432.8693
421.0155
389.8121
410.9852
401.9887
421.4272
422.1407
410.1709
428.0273
418.2017
417.0759
421.5445
413.4250
402.2704
413.6443
424.8111
434.2863
419.6401
422.4633
426.2234
405.4541
407.7266
411.8060
401.7548
427.2779
449.7303
430.6395
403.4883
393.8540
428.5779
423.9308
404.1758
393.6127
403.5314
414.0431
409.4877
423.0131
422.8284
421.9744
405.5242
417.3025
431.0960
419.4175
424.3856
421.8764
415.7505
422.7724
400.9583
419.1574
429.1893
423.0931
417.2743
413.8055
398.4911
413.5344
412.0914
426.2401
402.0297
419.6809
430.3089
421.3735
427.8905
420.4802
416.4060
425.2827
413.5378
422.8630
411.8674
418.4647
416.6301
428.3490
401.8652
417.2638
423.0840
408.1072
405.8506
422.3595
423.4762
408.2479
412.9355
416.2716
435.4818
437.6478
395.1937
426.0961
434.7152
416.1803
422.6309
412.1960
416.9716
413.8751
407.7138
415.6355
437.3826
419.5029
421.4812
422.4964
424.0139
420.6879
436.1441
426.7944
436.7913
430.4460
432.5522
397.5373
418.1500
439.1799
421.6341
434.3874
400.4765
427.9576
402.6413
431.8385
428.9853
409.2735
421.5533
437.1111
417.6493
402.6733
428.6428
417.4274
412.7546
391.7763
412.6955
437.2321
431.8136
421.4038
413.7419
406.4340
422.1425
427.1265
420.1186
412.4197
415.5605
408.0714
404.2138
404.0298
410.7540
418.5033
425.0492
430.7869
420.5033
433.2444
402.4974
414.5736
420.5329
426.6197
429.0447
430.7044
432.2584
424.3677
421.6854
417.6395
423.2808
405.5350
417.3006
426.8648
427.1261
425.0333
409.9907
427.4346
430.8823
413.8260
415.4466
428.0806
427.8423
413.2340
424.8141
406.4840
424.4836
414.6585
414.4103
433.8939
441.8177
431.1868
405.6080
387.0297
408.7721
415.4332
424.8406
440.0483
416.8474
401.3435
439.5453
411.4494
403.6676
429.5917
425.7236
408.8215
411.9512
435.3814
426.4851
418.2884
427.1267
434.0282
420.1008
395.5553
416.2977
420.3217
427.1374
412.4300
414.1119
404.6050
413.7173
419.3455
409.7564
429.5288
413.0082
424.4151
431.2322
403.6481
418.9762
423.4165
433.0102
421.3220
415.6086
412.7017
427.7382
421.2558
409.7008
409.6068
417.2171
411.1307
417.9749
402.1525
420.3957
415.9714
425.5268
432.1967
418.2139
419.6849
421.3620
439.1119
432.5506
425.0110
411.0649
416.6588
417.4868
421.5415
425.5164
436.7345
421.6199
412.8881
398.6698
412.8050
416.1876
411.3960
428.4955
423.3683
415.7222
427.9338
419.8276
394.0619
385.3161
417.2821
412.6751
432.3281
433.3028
442.2379
436.1502
432.5196
430.4980
408.1198
430.6404
431.1715
405.1148
415.4795
419.3134
416.8405
426.0839
419.6459
417.6470
416.7983
427.8355
438.2351
423.3118
437.9608
405.1531
444.8541
426.6765
421.1687
402.0115
410.3781
414.1588
405.5930
424.1748
427.2686
435.4093
412.2208
415.6809
416.6673
432.3398
416.4250
396.1519
412.1296
419.0444
428.7972
424.2292
435.1646
410.2486
436.9273
407.2156
417.6979
430.5899
419.9088
426.9871
431.3653
417.1342
394.9300
414.7741
405.8201
407.9866
419.2908
414.1796
415.0442
420.0142
421.0071
435.4932
411.2886
427.1270
426.9305
435.8224
422.8677
403.6901
411.8373
399.4781
419.5579
429.9173
432.1593
415.0972
432.4297
429.7879
426.1274
436.7847
417.5372
417.6731
440.2258
423.7414
432.9685
424.0443
447.1311
433.7147
415.8607
433.6640
421.4368
432.6297
409.0240
423.1255
419.5846
419.3354
432.9528
417.2563
413.5716
419.1379
422.4375
420.9370
437.1149
435.8578
423.0342
427.3820
430.8824
419.1506
433.7447
429.8078
404.9662
418.1548
427.2710
409.5498
409.4620
429.4376
415.0379
412.3100
423.8340
426.2639
417.8096
430.6281
420.6528
410.3747
410.1905
416.5770
423.5791
416.6478
395.5320
381.5597
390.6606
419.8203
384.4744
404.0389
415.4163
394.9441
407.7208
415.7394
416.4284
418.9178
430.8144
406.7659
424.2295
427.6515
399.2070
441.5201
420.3712
415.9872
413.8074
418.7657
409.5656
427.1524
414.2096
403.9678
428.5294
404.0503
414.8205
439.1771
426.5436
423.9248
431.0020
431.4014
429.7312
417.2521
421.5537
409.2061
414.4109
432.2314
394.2304
417.3452
424.1875
431.2793
420.4307
413.8738
398.3276
410.3654
426.9632
420.7353
411.8989
417.0508
393.9987
435.8580
418.6646
422.9624
411.2280
416.6981
429.3831
419.0573
416.7316
405.6152
426.1704
410.6507
418.0215
431.4130
412.6411
427.4859
402.5600
414.8517
415.8269
420.3977
424.2840
407.5904
418.9210
435.6905
413.1835
409.1928
435.6356
435.9317
427.2744
416.9391
406.5398
410.7361
427.3175
407.3259
426.6578
424.3010
420.3879
425.2688
423.0984
422.6031
427.6201
408.3311
424.9375
425.8741
424.0200
416.5162
423.5368
426.2248
427.4931
425.7468
404.4601
428.4373
416.3652
421.5598
434.9110
425.8260
423.7441
408.9215
402.1693
422.1071
414.6430
400.8727
417.5134
398.1532
414.6646
414.5208
406.8118
425.3442
416.2698
424.6884
422.4026
413.5377
418.1171
420.3572
410.2301
424.6001
410.3909
431.4837
419.6960
424.5326
410.4785
404.1093
411.1540
408.8501
414.3866
406.0557
406.8789
403.9106
415.5251
411.0155
404.3102
391.2028
408.0953
422.5713
414.5343
414.5588
412.1632
417.6389
415.8597
414.6805
408.1566
420.5292
427.1146
399.7358
403.0315
392.1936
423.0838
403.9304
414.7705
428.3095
403.6082
397.4265
424.3414
416.7224
402.4736
421.7265
419.0152
402.4949
418.5135
408.6664
427.0240
430.6671
422.0121
399.1113
410.6832
418.9856
412.3808
414.1319
423.3597
429.3233
440.1420
416.1881
412.1943
406.7967
423.8061
428.0839
415.2457
419.5901
423.7554
425.6361
436.9748
423.4275
391.0746
436.5411
407.1094
425.3545
423.0653
413.4402
415.1106
407.7099
428.7380
412.0106
429.7567
419.3413
434.5634
404.3123
425.5489
403.5248
409.2227
415.4524
426.2053
419.5054
406.3079
414.2639
423.8307
427.9136
403.4864
416.3764
425.9611
413.8156
421.6356
413.7192
423.0255
428.7988
417.9203
395.0763
428.5548
435.0949
422.9509
415.9679
403.9188
410.3055
434.7823
429.2111
391.5248
430.4726
411.9610
408.2343
441.7406
418.9796
436.5232
411.0257
433.5154
390.9958
416.9062
410.9797
430.1633
404.3087
421.1704
426.3910
409.9908
391.3032
400.5213
406.5164
413.1848
406.5815
408.3478
418.8549
433.7901
413.4515
419.0628
410.6659
424.8924
431.5348
406.7965
412.1926
409.7904
412.6062
399.2876
432.1930
412.4796
419.0326
425.2750
436.0820
425.2410
429.3561
421.9218
401.9309
414.5741
420.1878
415.2216
428.5797
430.5017
425.5325
423.0711
413.1336
423.9090
409.1018
417.5751
418.2220
417.6467
434.0732
420.0308
418.5023
417.1770
422.3284
425.2770
446.3755
407.8229
435.2990
437.7447
429.2450
407.6492
409.9246
406.7384
410.5966
410.9597
421.3388
409.8123
415.1190
413.6100
420.9190
415.4643
435.8929
403.8934
416.7772
426.5505
432.3089
432.5229
404.6914
411.5391
413.8593
441.0258
416.7863
422.1010
414.4031
424.6404
426.8398
427.1213
417.2875
419.8785
425.0267
431.4450
428.3876
427.6968
425.3706
411.7470
409.5075
419.0558
423.1514
422.3875
401.3517
416.5062
435.1093
420.3516
420.5447
423.9829
405.4291
408.3937
419.6601
414.0696
431.0276
425.4741
422.2183
409.2238
415.4806
426.9368
408.2236
409.5924
417.5809
413.5646
412.9411
410.5285
418.3262
413.5428
419.3716
413.5312
417.1074
410.7364
410.6732
398.5782
413.0981
417.4611
411.8136
419.0950
