-494.3142
-321.5439
-205.6966
-135.9028
-78.7219
-49.4773
-41.6462
-36.1953
-31.2261
-30.9580
-28.4835
-20.0051
-15.8745
-6.9970
-6.1207
-4.7650
-6.1748
-4.7049
-3.0381
-2.6838
-3.5690
-2.6006
-2.1686
-1.1883
-0.5439
-1.5996
-1.2781
-1.3007
-1.0699
-0.3701
-1.6355
0.1410
0.0207
0.5940
0.1376
-0.0649
-0.3133
-0.0571
0.2317
0.7693
-2.4332
0.8976
-3.1406
0.2015
0.5287
-0.0479
0.1195
0.1448
0.7089
-1.4321
-0.3445
0.6083
0.0819
0.4195
-1.1428
2.0457
2.7885
1.6863
2.9855
2.5584
2.8140
3.2880
1.9396
2.2240
3.2384
2.1655
0.4237
1.7515
3.1334
1.7571
1.3990
2.5547
0.3018
0.9350
3.2177
0.9902
3.0591
2.1862
3.0979
1.6963
2.8374
2.7583
3.1106
3.3525
1.7813
1.2880
2.4400
1.8799
1.1760
0.8630
0.4986
3.1302
1.2265
3.3505
3.1491
2.6051
2.8040
0.3671
0.5214
1.5470
2.1599
1.2201
2.2030
2.0894
2.0695
0.8075
2.7795
2.0713
0.8714
1.7401
3.2318
2.6947
1.0618
0.1040
3.2848
3.1767
3.0237
3.1123
3.0834
1.2355
1.9625
1.8413
3.2656
1.8888
0.9320
2.5575
3.2419
1.9350
2.8975
2.6693
1.5047
0.7569
1.9613
2.2126
1.4255
0.2116
1.3090
2.4002
0.5983
1.6700
2.2729
2.7385
2.8863
3.1717
2.9195
0.7550
2.0877
3.1168
0.9900
3.0518
3.2364
3.0218
2.4848
2.7798
1.9085
3.0049
3.1788
2.1442
-1.1825
1.4345
1.3481
3.0408
0.4527
1.8453
2.7362
1.8532
3.9832
3.2465
1.4269
2.1720
3.5844
4.0616
3.6656
3.1760
4.4417
3.8949
3.3186
4.3114
4.2910
2.2441
1.9080
1.0477
1.9533
2.6786
3.0659
4.6378
4.2237
2.3994
4.4911
0.3375
3.8448
1.8584
3.1752
4.6338
3.9403
2.7614
3.7574
4.8451
2.8569
2.3627
3.9656
3.0498
0.0075
3.6926
2.2707
4.7174
3.8977
3.7997
4.9018
3.4125
4.9977
2.8925
4.6748
4.8033
4.0282
4.4441
4.5902
3.5360
2.8392
4.1363
2.5424
4.5407
2.9814
0.1792
4.4996
2.8420
1.8806
3.1972
2.9487
2.8263
4.9034
2.2275
0.4776
2.6180
4.2832
3.4774
4.2457
0.0956
3.0289
4.8971
3.8427
3.7375
1.4685
1.2066
4.9730
5.0340
2.5525
5.0027
0.6120
6.3576
5.4179
3.5680
3.7824
4.6667
6.0041
3.6496
6.4020
2.5251
3.5748
4.5595
6.5320
4.8752
5.2596
5.3596
6.5056
5.6272
3.6638
5.6765
4.3504
4.4532
3.5374
3.4156
5.6308
5.8159
5.6797
5.5459
2.8991
6.2603
5.0453
5.7648
4.5999
2.8925
4.1770
4.4583
4.1931
4.9045
5.8312
5.3197
5.0407
5.1509
3.7441
6.2087
5.9974
5.6235
7.1206
3.6571
6.0915
6.6329
3.3449
7.2974
5.6987
7.4377
4.8204
7.6172
2.9308
6.0640
4.7655
4.7144
5.8171
2.9448
7.1480
4.2822
4.7801
7.1974
2.9413
7.4216
6.4043
4.2757
4.9452
7.2324
6.1206
7.4015
6.7008
3.0075
4.5112
2.1155
5.0139
7.3596
6.5573
7.3355
4.5666
6.8203
4.8826
6.7825
9.3962
6.0291
8.0434
5.2571
9.2353
9.2155
12.4061
9.3502
11.2292
9.5070
10.3964
12.0253
13.4792
13.1404
14.5615
12.3687
13.8856
9.8642
13.8050
14.5773
10.5022
13.3153
11.4855
13.2158
13.3950
15.7856
12.9651
14.4821
12.9950
15.6164
11.3977
16.1436
7.9886
14.7891
14.7164
11.5275
14.1476
14.7040
12.8861
11.8444
12.0594
15.4274
16.8196
15.0980
14.3774
15.1612
16.9682
18.7994
13.3987
18.7567
17.2231
16.9834
19.2088
16.0803
20.5120
23.0521
23.8708
23.5931
30.1630
21.1747
25.8118
27.6906
28.8255
25.9023
27.1818
29.2048
26.5213
27.4787
27.4530
27.7720
29.7259
24.4432
29.4447
24.5812
26.2734
28.6588
29.2577
28.0705
28.1884
24.6385
25.9919
21.6160
26.0170
30.4676
30.4594
23.6821
26.8991
29.6891
26.0756
27.6360
28.8356
16.4023
28.2543
24.2741
30.0296
24.0955
29.2712
28.9767
26.7850
26.4542
27.3415
27.5541
27.2630
29.7640
28.3371
30.3611
30.0299
25.6166
26.1084
22.9176
30.9431
31.0019
38.7697
43.9317
41.3451
41.3871
41.3158
37.3133
49.2548
38.9718
48.4976
49.0125
47.2767
38.9576
43.3655
47.5896
50.8451
39.2734
41.2658
47.6812
44.6838
47.3685
39.5628
46.8525
43.3070
45.0646
48.3373
50.6605
46.7404
44.0602
40.3134
49.7387
45.6793
47.9647
50.8259
44.3934
49.1618
43.7517
46.6398
41.5292
46.3980
51.0162
49.5144
48.1755
43.0634
46.7013
38.0062
45.0788
50.2820
48.4553
50.1525
47.6919
39.6231
48.6673
42.6215
35.7596
49.6749
51.5909
48.0208
49.5690
46.6480
45.4870
47.5281
48.1822
46.3207
41.9976
53.3209
50.5397
51.7344
43.5503
49.6518
52.7445
51.4635
50.3556
51.0884
50.9719
49.6618
49.3981
42.3327
44.9254
48.6730
47.4695
45.4928
48.1813
49.5137
48.4704
53.0456
43.1296
52.5520
48.7143
52.0383
48.7547
51.6566
50.6958
52.7624
53.1205
54.2688
51.8741
50.5603
48.5964
52.1703
50.0801
53.1904
52.9754
50.5291
50.1413
49.9205
47.4673
47.6631
50.1032
48.7182
50.0582
47.9975
50.6251
50.2173
48.9078
50.9057
50.7198
49.3936
37.8688
52.1093
52.9628
46.6838
49.2773
52.7620
47.5474
52.4865
48.1049
47.0632
47.4767
48.2571
38.2325
50.0649
46.9971
48.8045
52.4026
47.3482
50.3120
52.4154
43.4846
49.0728
51.2707
54.1330
47.2534
49.3725
42.5900
43.9541
50.7181
44.5283
41.6023
51.9328
51.4130
48.3506
52.0290
52.7674
52.0947
54.3394
46.5733
40.5693
51.4489
48.8453
49.8629
49.6481
50.0042
45.7122
43.0578
48.0254
45.3125
52.8814
53.4551
46.7858
41.4936
50.1508
51.9085
52.2602
53.3590
53.9706
47.8115
48.9003
43.7888
49.1759
43.3754
52.6771
54.2549
46.0624
53.6470
39.7488
51.3312
49.6024
44.5799
52.2695
49.7790
47.0030
54.1166
48.4648
51.6220
54.4209
52.0646
50.7697
53.3574
45.1085
52.4644
45.8471
50.9321
50.1928
47.6943
52.9475
54.3387
50.2325
52.8642
49.3165
53.1152
51.6750
50.3347
44.0506
42.2216
52.4845
50.6253
49.7375
52.9204
53.3404
51.3271
49.7697
53.8210
49.7294
47.3218
50.3567
47.6452
51.7932
52.6602
49.7778
53.3704
51.1019
48.8350
53.2345
47.8037
52.4161
47.9775
43.3086
50.9984
49.2467
52.9427
51.9137
38.1700
51.2139
49.2434
48.8215
52.7145
47.6722
52.4723
51.5842
49.3563
51.8272
47.3708
49.8640
51.7891
47.1916
49.0254
54.4262
51.0239
45.8951
50.2649
52.8336
48.0664
49.7197
50.3369
53.2836
45.8843
43.3021
50.7328
52.0068
50.8675
50.3853
53.1899
51.1862
46.3785
52.8019
51.5267
49.9394
44.2489
50.7348
44.7056
51.8988
48.9599
43.2779
50.9465
44.5802
47.5052
52.5375
43.2732
51.2686
53.3893
50.2479
48.5246
50.2576
40.9345
45.4482
43.3751
51.1453
50.9714
51.6402
42.8581
49.6978
50.8091
46.9742
45.3784
44.3923
49.3847
46.4083
47.9915
47.6369
49.4432
49.7962
46.3162
49.2115
51.4861
46.0780
48.2685
42.0253
38.7311
46.7031
37.1659
48.0259
52.8203
46.4986
49.9035
50.9028
48.7860
51.6212
48.5745
49.7608
45.7478
50.5786
51.8675
50.3157
50.1007
44.6650
50.6861
50.8223
50.8479
50.7204
52.7805
49.4318
53.4235
48.7143
46.6705
49.9833
50.9022
45.0740
48.7018
51.1656
48.5257
49.9762
50.8244
44.4876
52.7640
49.4805
50.2055
49.0220
53.7635
52.6688
46.0204
38.2816
48.2828
52.3335
49.3143
47.9974
49.7386
41.3898
49.8167
50.4688
46.6938
51.2055
53.1326
45.4116
46.2593
49.2571
54.2590
51.8753
40.9590
47.5901
47.3869
51.2235
42.7971
51.7251
51.5498
50.0031
52.4663
45.8625
49.8127
49.0913
52.7858
49.9582
43.6564
50.4589
52.9112
48.1002
49.0234
50.4020
46.1065
50.0284
52.2104
48.6815
51.1939
51.9787
46.7207
46.6944
53.2658
46.3825
54.2634
47.2697
47.7096
53.7645
51.0046
50.7033
50.3178
46.0766
52.8359
51.8621
52.1200
48.6211
49.1174
47.0196
46.4499
52.7468
51.7059
52.2494
41.4008
50.9455
52.8013
51.6936
48.2000
47.2185
42.9263
44.8246
39.9734
42.4694
50.3286
48.6945
44.7777
49.9946
43.0964
47.0117
47.4206
47.7917
53.9061
47.7150
47.1721
52.9470
51.3423
42.3090
51.4356
50.8691
50.5996
52.2937
34.0967
48.8203
52.0276
52.1313
46.8142
49.3193
52.0303
53.6405
47.0652
46.8814
50.3877
51.4128
49.2369
53.7789
51.2358
48.3004
27.8711
53.6334
47.7811
49.6585
53.2277
45.1982
52.2404
53.4820
45.2036
50.4856
40.2973
50.6088
45.0756
46.7424
47.0240
52.7197
43.9283
44.6568
48.3039
45.8884
49.2988
50.5084
51.1582
46.3630
47.7816
49.1398
43.9221
49.9555
50.4873
51.7526
50.2805
47.9814
43.8652
43.0865
54.2230
53.5578
51.3888
51.0068
42.2012
43.4657
48.6654
50.5975
49.9812
44.4778
51.2506
51.3756
46.2462
51.9125
52.0514
47.9135
48.7425
52.0321
49.7048
41.2251
51.8386
50.0563
41.9175
45.9064
48.7762
53.0757
52.4705
48.4153
40.8838
52.0576
54.2937
51.3926
54.3147
47.8902
47.2864
52.8531
50.7669
47.4082
52.6318
50.9011
41.3128
51.6714
49.1820
48.9934
45.4658
44.1449
51.1077
52.9254
47.9029
50.2770
54.4080
